2000000,'002e9040-347b-4d67-99ad-91f095cd5be5',604,,579,91,,,0,100,,581,91,,,0,100,,583,91,,,0,100,,580,91,,,0,100,,576,91,,,0,100,,577,91,,,0,100,,575,91,,,0,100,,584,91,,,0,100,,585,91,,,0,100,,578,91,,,0,100,,582,91,,,0,100,,574,91,,,0
2000000,'3b3536a6-84e2-41dd-ace2-34555d61bc26',604,,597,91,,,0,100,,589,91,,,0,100,,593,91,,,0,100,,588,91,,,0,100,,587,91,,,0,100,,596,91,,,0,100,,594,91,,,0,100,,592,91,,,0,100,,595,91,,,0,100,,586,91,,,0,100,,590,91,,,0,100,,591,91,,,0
2000000,'6740aa73-5c15-4ada-bae1-0581627d255c',604,,610,91,,,0,100,,609,91,,,0,100,,605,91,,,0,100,,599,91,,,0,100,,608,91,,,0,100,,602,91,,,0,100,,603,91,,,0,100,,600,91,,,0,100,,598,91,,,0,100,,601,91,,,0,100,,606,91,,,0,100,,604,91,,,0,100,,607,91,,,0
2000000,'8b416866-5b6c-451e-b06e-834b3044aa33',604,,615,91,,,0,100,,623,91,,,0,100,,617,91,,,0,100,,613,91,,,0,100,,616,91,,,0,100,,621,91,,,0,100,,618,91,,,0,100,,612,91,,,0,100,,622,91,,,0,100,,614,91,,,0,100,,619,91,,,0,100,,611,91,,,0,100,,620,91,,,0
3000000,'002e9040-347b-4d67-99ad-91f095cd5be5',854,,628,177,,,0,100,,629,177,,,0,100,,624,177,,,0,100,,625,177,,,0,100,,627,177,,,0,100,,626,177,,,0
3000000,'3b3536a6-84e2-41dd-ace2-34555d61bc26',854,,631,177,,,0,100,,633,177,,,0,100,,632,177,,,0,100,,630,177,,,0,100,,635,177,,,0,100,,634,177,,,0
3000000,'6740aa73-5c15-4ada-bae1-0581627d255c',854,,639,177,,,0,100,,636,177,,,0,100,,640,177,,,0,100,,638,177,,,0,100,,641,177,,,0,100,,637,177,,,0
3000000,'8b416866-5b6c-451e-b06e-834b3044aa33',854,,646,177,,,0,100,,642,177,,,0,100,,644,177,,,0,100,,645,177,,,0,100,,647,177,,,0,100,,643,177,,,0
2019200000,'1bbe38fd-cc46-40bc-a40a-506639991551',1004,,822,89,,,0,100,,820,89,,,0,100,,821,89,,,0,100,,818,89,,,0,100,,819,89,,,0,100,,817,89,,,0,100,,823,89,,,0
2019200000,'5e4af7a9-571b-4a0c-a0b1-3b124e00562a',1004,,830,89,,,0,100,,825,89,,,0,100,,824,89,,,0,100,,826,89,,,0,100,,827,89,,,0,100,,829,89,,,0,100,,828,89,,,0
2019200000,'fe1884a6-717c-4091-95a3-58069f90c1d5',1004,,836,89,,,0,100,,831,89,,,0,100,,832,89,,,0,100,,835,89,,,0,100,,833,89,,,0,100,,837,89,,,0,100,,834,89,,,0
2019200001,'1bbe38fd-cc46-40bc-a40a-506639991551',901,,838,87,,,0
2019200001,'5e4af7a9-571b-4a0c-a0b1-3b124e00562a',901,,839,87,,,0
2019200001,'fe1884a6-717c-4091-95a3-58069f90c1d5',901,,840,87,,,0
