2000000,'002e9040-347b-4d67-99ad-91f095cd5be5',622,,579,202,,,0,100,,581,202,,,0,100,,583,202,,,0,100,,580,202,,,0,100,,576,202,,,0,100,,577,202,,,0,100,,575,202,,,0,100,,584,202,,,0,100,,585,202,,,0,100,,578,202,,,0,100,,582,202,,,0,100,,574,202,,,0
2000000,'3b3536a6-84e2-41dd-ace2-34555d61bc26',622,,597,202,,,0,100,,589,202,,,0,100,,593,202,,,0,100,,588,202,,,0,100,,587,202,,,0,100,,596,202,,,0,100,,594,202,,,0,100,,592,202,,,0,100,,595,202,,,0,100,,586,202,,,0,100,,590,202,,,0,100,,591,202,,,0
2000000,'6740aa73-5c15-4ada-bae1-0581627d255c',622,,610,202,,,0,100,,609,202,,,0,100,,605,202,,,0,100,,599,202,,,0,100,,608,202,,,0,100,,602,202,,,0,100,,603,202,,,0,100,,600,202,,,0,100,,598,202,,,0,100,,601,202,,,0,100,,606,202,,,0,100,,604,202,,,0,100,,607,202,,,0
2000000,'8b416866-5b6c-451e-b06e-834b3044aa33',622,,615,202,,,0,100,,623,202,,,0,100,,617,202,,,0,100,,613,202,,,0,100,,616,202,,,0,100,,621,202,,,0,100,,618,202,,,0,100,,612,202,,,0,100,,622,202,,,0,100,,614,202,,,0,100,,619,202,,,0,100,,611,202,,,0,100,,620,202,,,0
2019200000,'1bbe38fd-cc46-40bc-a40a-506639991551',1022,,822,200,,,0,100,,820,200,,,0,100,,821,200,,,0,100,,818,200,,,0,100,,819,200,,,0,100,,817,200,,,0,100,,823,200,,,0
2019200000,'5e4af7a9-571b-4a0c-a0b1-3b124e00562a',1022,,830,200,,,0,100,,825,200,,,0,100,,824,200,,,0,100,,826,200,,,0,100,,827,200,,,0,100,,829,200,,,0,100,,828,200,,,0
2019200000,'fe1884a6-717c-4091-95a3-58069f90c1d5',1022,,836,200,,,0,100,,831,200,,,0,100,,832,200,,,0,100,,835,200,,,0,100,,833,200,,,0,100,,837,200,,,0,100,,834,200,,,0
2019200001,'1bbe38fd-cc46-40bc-a40a-506639991551',922,,838,246,,,0
2019200001,'5e4af7a9-571b-4a0c-a0b1-3b124e00562a',922,,839,246,,,0
2019200001,'fe1884a6-717c-4091-95a3-58069f90c1d5',922,,840,246,,,0
