1000000,'002e9040-347b-4d67-99ad-91f095cd5be5',607,,527,118,,,0,100,,525,118,,,0,100,,530,118,,,0,100,,524,118,,,0,100,,528,118,,,0,100,,532,118,,,0,100,,531,118,,,0,100,,526,118,,,0,100,,529,118,,,0,100,,534,118,,,0,100,,533,118,,,0,100,,535,118,,,0
1000000,'3b3536a6-84e2-41dd-ace2-34555d61bc26',607,,536,118,,,0,100,,547,118,,,0,100,,542,118,,,0,100,,540,118,,,0,100,,543,118,,,0,100,,538,118,,,0,100,,544,118,,,0,100,,545,118,,,0,100,,546,118,,,0,100,,537,118,,,0,100,,541,118,,,0,100,,539,118,,,0
1000000,'6740aa73-5c15-4ada-bae1-0581627d255c',607,,552,118,,,0,100,,557,118,,,0,100,,551,118,,,0,100,,549,118,,,0,100,,553,118,,,0,100,,554,118,,,0,100,,559,118,,,0,100,,555,118,,,0,100,,548,118,,,0,100,,556,118,,,0,100,,560,118,,,0,100,,550,118,,,0,100,,558,118,,,0
1000000,'8b416866-5b6c-451e-b06e-834b3044aa33',607,,573,118,,,0,100,,568,118,,,0,100,,565,118,,,0,100,,563,118,,,0,100,,571,118,,,0,100,,566,118,,,0,100,,567,118,,,0,100,,564,118,,,0,100,,570,118,,,0,100,,562,118,,,0,100,,561,118,,,0,100,,572,118,,,0,100,,569,118,,,0
3000000,'002e9040-347b-4d67-99ad-91f095cd5be5',840,,628,88,,,0,100,,629,88,,,0,100,,624,88,,,0,100,,625,88,,,0,100,,627,88,,,0,100,,626,88,,,0
3000000,'3b3536a6-84e2-41dd-ace2-34555d61bc26',840,,631,88,,,0,100,,633,88,,,0,100,,632,88,,,0,100,,630,88,,,0,100,,635,88,,,0,100,,634,88,,,0
3000000,'6740aa73-5c15-4ada-bae1-0581627d255c',840,,639,88,,,0,100,,636,88,,,0,100,,640,88,,,0,100,,638,88,,,0,100,,641,88,,,0,100,,637,88,,,0
3000000,'8b416866-5b6c-451e-b06e-834b3044aa33',840,,646,88,,,0,100,,642,88,,,0,100,,644,88,,,0,100,,645,88,,,0,100,,647,88,,,0,100,,643,88,,,0
300000100,'002e9040-347b-4d67-99ad-91f095cd5be5',640,,777,88,,,0,100,,778,88,,,0,800,,775,88,,,0,100,,776,88,,,0
300000100,'3b3536a6-84e2-41dd-ace2-34555d61bc26',640,,780,88,,,0,100,,779,88,,,0
300000100,'6740aa73-5c15-4ada-bae1-0581627d255c',640,,784,88,,,0,100,,783,88,,,0,800,,781,88,,,0,100,,782,88,,,0
300000100,'8b416866-5b6c-451e-b06e-834b3044aa33',640,,788,88,,,0,100,,787,88,,,0,800,,786,88,,,0,100,,785,88,,,0
300000101,'002e9040-347b-4d67-99ad-91f095cd5be5',1440,,789,88,,,0
300000101,'3b3536a6-84e2-41dd-ace2-34555d61bc26',1440,,790,88,,,0
300000101,'6740aa73-5c15-4ada-bae1-0581627d255c',1440,,791,88,,,0
300000101,'8b416866-5b6c-451e-b06e-834b3044aa33',1440,,792,88,,,0
1019200000,'1bbe38fd-cc46-40bc-a40a-506639991551',907,,798,118,,,0,100,,799,118,,,0,100,,796,118,,,0,100,,793,118,,,0,100,,795,118,,,0,100,,794,118,,,0,100,,797,118,,,0
1019200000,'5e4af7a9-571b-4a0c-a0b1-3b124e00562a',907,,806,118,,,0,100,,801,118,,,0,100,,802,118,,,0,100,,804,118,,,0,100,,805,118,,,0,100,,803,118,,,0,100,,800,118,,,0
1019200000,'fe1884a6-717c-4091-95a3-58069f90c1d5',907,,808,118,,,0,100,,809,118,,,0,100,,810,118,,,0,100,,813,118,,,0,100,,811,118,,,0,100,,812,118,,,0,100,,807,118,,,0
1019200001,'1bbe38fd-cc46-40bc-a40a-506639991551',1607,,814,118,,,0
1019200001,'5e4af7a9-571b-4a0c-a0b1-3b124e00562a',1607,,815,118,,,0
1019200001,'fe1884a6-717c-4091-95a3-58069f90c1d5',1607,,816,118,,,0
