1000000,'002e9040-347b-4d67-99ad-91f095cd5be5',632,,527,289,,,0,100,,525,289,,,0,100,,530,289,,,0,100,,524,289,,,0,100,,528,289,,,0,100,,532,289,,,0,100,,531,289,,,0,100,,526,289,,,0,100,,529,289,,,0,100,,534,289,,,0,100,,533,289,,,0,100,,535,289,,,0
1000000,'3b3536a6-84e2-41dd-ace2-34555d61bc26',632,,536,289,,,0,100,,547,289,,,0,100,,542,289,,,0,100,,540,289,,,0,100,,543,289,,,0,100,,538,289,,,0,100,,544,289,,,0,100,,545,289,,,0,100,,546,289,,,0,100,,537,289,,,0,100,,541,289,,,0,100,,539,289,,,0
1000000,'6740aa73-5c15-4ada-bae1-0581627d255c',632,,552,289,,,0,100,,557,289,,,0,100,,551,289,,,0,100,,549,289,,,0,100,,553,289,,,0,100,,554,289,,,0,100,,559,289,,,0,100,,555,289,,,0,100,,548,289,,,0,100,,556,289,,,0,100,,560,289,,,0,100,,550,289,,,0,100,,558,289,,,0
1000000,'8b416866-5b6c-451e-b06e-834b3044aa33',632,,573,289,,,0,100,,568,289,,,0,100,,565,289,,,0,100,,563,289,,,0,100,,571,289,,,0,100,,566,289,,,0,100,,567,289,,,0,100,,564,289,,,0,100,,570,289,,,0,100,,562,289,,,0,100,,561,289,,,0,100,,572,289,,,0,100,,569,289,,,0
2000000,'002e9040-347b-4d67-99ad-91f095cd5be5',625,,579,223,,,0,100,,581,223,,,0,100,,583,223,,,0,100,,580,223,,,0,100,,576,223,,,0,100,,577,223,,,0,100,,575,223,,,0,100,,584,223,,,0,100,,585,223,,,0,100,,578,223,,,0,100,,582,223,,,0,100,,574,223,,,0
2000000,'3b3536a6-84e2-41dd-ace2-34555d61bc26',625,,597,223,,,0,100,,589,223,,,0,100,,593,223,,,0,100,,588,223,,,0,100,,587,223,,,0,100,,596,223,,,0,100,,594,223,,,0,100,,592,223,,,0,100,,595,223,,,0,100,,586,223,,,0,100,,590,223,,,0,100,,591,223,,,0
2000000,'6740aa73-5c15-4ada-bae1-0581627d255c',625,,610,223,,,0,100,,609,223,,,0,100,,605,223,,,0,100,,599,223,,,0,100,,608,223,,,0,100,,602,223,,,0,100,,603,223,,,0,100,,600,223,,,0,100,,598,223,,,0,100,,601,223,,,0,100,,606,223,,,0,100,,604,223,,,0,100,,607,223,,,0
2000000,'8b416866-5b6c-451e-b06e-834b3044aa33',625,,615,223,,,0,100,,623,223,,,0,100,,617,223,,,0,100,,613,223,,,0,100,,616,223,,,0,100,,621,223,,,0,100,,618,223,,,0,100,,612,223,,,0,100,,622,223,,,0,100,,614,223,,,0,100,,619,223,,,0,100,,611,223,,,0,100,,620,223,,,0
1019200000,'1bbe38fd-cc46-40bc-a40a-506639991551',932,,798,287,,,0,100,,799,287,,,0,100,,796,287,,,0,100,,793,287,,,0,100,,795,287,,,0,100,,794,287,,,0,100,,797,287,,,0
1019200000,'5e4af7a9-571b-4a0c-a0b1-3b124e00562a',932,,806,287,,,0,100,,801,287,,,0,100,,802,287,,,0,100,,804,287,,,0,100,,805,287,,,0,100,,803,287,,,0,100,,800,287,,,0
1019200000,'fe1884a6-717c-4091-95a3-58069f90c1d5',932,,808,287,,,0,100,,809,287,,,0,100,,810,287,,,0,100,,813,287,,,0,100,,811,287,,,0,100,,812,287,,,0,100,,807,287,,,0
1019200001,'1bbe38fd-cc46-40bc-a40a-506639991551',1632,,814,287,,,0
1019200001,'5e4af7a9-571b-4a0c-a0b1-3b124e00562a',1632,,815,287,,,0
1019200001,'fe1884a6-717c-4091-95a3-58069f90c1d5',1632,,816,287,,,0
2019200000,'1bbe38fd-cc46-40bc-a40a-506639991551',1024,,822,221,,,0,100,,820,221,,,0,100,,821,221,,,0,100,,818,221,,,0,100,,819,221,,,0,100,,817,221,,,0,100,,823,221,,,0
2019200000,'5e4af7a9-571b-4a0c-a0b1-3b124e00562a',1024,,830,221,,,0,100,,825,221,,,0,100,,824,221,,,0,100,,826,221,,,0,100,,827,221,,,0,100,,829,221,,,0,100,,828,221,,,0
2019200000,'fe1884a6-717c-4091-95a3-58069f90c1d5',1024,,836,221,,,0,100,,831,221,,,0,100,,832,221,,,0,100,,835,221,,,0,100,,833,221,,,0,100,,837,221,,,0,100,,834,221,,,0
2019200001,'1bbe38fd-cc46-40bc-a40a-506639991551',924,,838,265,,,0
2019200001,'5e4af7a9-571b-4a0c-a0b1-3b124e00562a',924,,839,265,,,0
2019200001,'fe1884a6-717c-4091-95a3-58069f90c1d5',924,,840,265,,,0
