1000000,'002e9040-347b-4d67-99ad-91f095cd5be5',626,,527,249,,,0,100,,525,249,,,0,100,,530,249,,,0,100,,524,249,,,0,100,,528,249,,,0,100,,532,249,,,0,100,,531,249,,,0,100,,526,249,,,0,100,,529,249,,,0,100,,534,249,,,0,100,,533,249,,,0,100,,535,249,,,0
1000000,'3b3536a6-84e2-41dd-ace2-34555d61bc26',626,,536,249,,,0,100,,547,249,,,0,100,,542,249,,,0,100,,540,249,,,0,100,,543,249,,,0,100,,538,249,,,0,100,,544,249,,,0,100,,545,249,,,0,100,,546,249,,,0,100,,537,249,,,0,100,,541,249,,,0,100,,539,249,,,0
1000000,'6740aa73-5c15-4ada-bae1-0581627d255c',626,,552,249,,,0,100,,557,249,,,0,100,,551,249,,,0,100,,549,249,,,0,100,,553,249,,,0,100,,554,249,,,0,100,,559,249,,,0,100,,555,249,,,0,100,,548,249,,,0,100,,556,249,,,0,100,,560,249,,,0,100,,550,249,,,0,100,,558,249,,,0
1000000,'8b416866-5b6c-451e-b06e-834b3044aa33',626,,573,249,,,0,100,,568,249,,,0,100,,565,249,,,0,100,,563,249,,,0,100,,571,249,,,0,100,,566,249,,,0,100,,567,249,,,0,100,,564,249,,,0,100,,570,249,,,0,100,,562,249,,,0,100,,561,249,,,0,100,,572,249,,,0,100,,569,249,,,0
1019200000,'1bbe38fd-cc46-40bc-a40a-506639991551',926,,798,247,,,0,100,,799,247,,,0,100,,796,247,,,0,100,,793,247,,,0,100,,795,247,,,0,100,,794,247,,,0,100,,797,247,,,0
1019200000,'5e4af7a9-571b-4a0c-a0b1-3b124e00562a',926,,806,247,,,0,100,,801,247,,,0,100,,802,247,,,0,100,,804,247,,,0,100,,805,247,,,0,100,,803,247,,,0,100,,800,247,,,0
1019200000,'fe1884a6-717c-4091-95a3-58069f90c1d5',926,,808,247,,,0,100,,809,247,,,0,100,,810,247,,,0,100,,813,247,,,0,100,,811,247,,,0,100,,812,247,,,0,100,,807,247,,,0
1019200001,'1bbe38fd-cc46-40bc-a40a-506639991551',1626,,814,247,,,0
1019200001,'5e4af7a9-571b-4a0c-a0b1-3b124e00562a',1626,,815,247,,,0
1019200001,'fe1884a6-717c-4091-95a3-58069f90c1d5',1626,,816,247,,,0
