1000000,'002e9040-347b-4d67-99ad-91f095cd5be5',652,,527,387,,,0,100,,525,387,,,0,100,,530,387,,,0,100,,524,387,,,0,100,,528,387,,,0,100,,532,387,,,0,100,,531,387,,,0,100,,526,387,,,0,100,,529,387,,,0,100,,534,387,,,0,100,,533,387,,,0,100,,535,387,,,0
1000000,'3b3536a6-84e2-41dd-ace2-34555d61bc26',652,,536,387,,,0,100,,547,387,,,0,100,,542,387,,,0,100,,540,387,,,0,100,,543,387,,,0,100,,538,387,,,0,100,,544,387,,,0,100,,545,387,,,0,100,,546,387,,,0,100,,537,387,,,0,100,,541,387,,,0,100,,539,387,,,0
1000000,'6740aa73-5c15-4ada-bae1-0581627d255c',652,,552,387,,,0,100,,557,387,,,0,100,,551,387,,,0,100,,549,387,,,0,100,,553,387,,,0,100,,554,387,,,0,100,,559,387,,,0,100,,555,387,,,0,100,,548,387,,,0,100,,556,387,,,0,100,,560,387,,,0,100,,550,387,,,0,100,,558,387,,,0
1000000,'8b416866-5b6c-451e-b06e-834b3044aa33',652,,573,387,,,0,100,,568,387,,,0,100,,565,387,,,0,100,,563,387,,,0,100,,571,387,,,0,100,,566,387,,,0,100,,567,387,,,0,100,,564,387,,,0,100,,570,387,,,0,100,,562,387,,,0,100,,561,387,,,0,100,,572,387,,,0,100,,569,387,,,0
3000000,'002e9040-347b-4d67-99ad-91f095cd5be5',911,,628,258,,,0,100,,629,258,,,0,100,,624,258,,,0,100,,625,258,,,0,100,,627,258,,,0,100,,626,258,,,0
3000000,'3b3536a6-84e2-41dd-ace2-34555d61bc26',911,,631,258,,,0,100,,633,258,,,0,100,,632,258,,,0,100,,630,258,,,0,100,,635,258,,,0,100,,634,258,,,0
3000000,'6740aa73-5c15-4ada-bae1-0581627d255c',911,,639,258,,,0,100,,636,258,,,0,100,,640,258,,,0,100,,638,258,,,0,100,,641,258,,,0,100,,637,258,,,0
3000000,'8b416866-5b6c-451e-b06e-834b3044aa33',911,,646,258,,,0,100,,642,258,,,0,100,,644,258,,,0,100,,645,258,,,0,100,,647,258,,,0,100,,643,258,,,0
300000100,'002e9040-347b-4d67-99ad-91f095cd5be5',711,,777,279,,,0,100,,778,279,,,0,800,,775,279,,,0,100,,776,279,,,0
300000100,'3b3536a6-84e2-41dd-ace2-34555d61bc26',711,,780,279,,,0,100,,779,279,,,0
300000100,'6740aa73-5c15-4ada-bae1-0581627d255c',711,,784,279,,,0,100,,783,279,,,0,800,,781,279,,,0,100,,782,279,,,0
300000100,'8b416866-5b6c-451e-b06e-834b3044aa33',711,,788,279,,,0,100,,787,279,,,0,800,,786,279,,,0,100,,785,279,,,0
300000101,'002e9040-347b-4d67-99ad-91f095cd5be5',1509,,789,234,,,0
300000101,'3b3536a6-84e2-41dd-ace2-34555d61bc26',1509,,790,234,,,0
300000101,'6740aa73-5c15-4ada-bae1-0581627d255c',1509,,791,234,,,0
300000101,'8b416866-5b6c-451e-b06e-834b3044aa33',1509,,792,234,,,0
1019200000,'1bbe38fd-cc46-40bc-a40a-506639991551',952,,798,385,,,0,100,,799,385,,,0,100,,796,385,,,0,100,,793,385,,,0,100,,795,385,,,0,100,,794,385,,,0,100,,797,385,,,0
1019200000,'5e4af7a9-571b-4a0c-a0b1-3b124e00562a',952,,806,385,,,0,100,,801,385,,,0,100,,802,385,,,0,100,,804,385,,,0,100,,805,385,,,0,100,,803,385,,,0,100,,800,385,,,0
1019200000,'fe1884a6-717c-4091-95a3-58069f90c1d5',952,,808,385,,,0,100,,809,385,,,0,100,,810,385,,,0,100,,813,385,,,0,100,,811,385,,,0,100,,812,385,,,0,100,,807,385,,,0
1019200001,'1bbe38fd-cc46-40bc-a40a-506639991551',1658,,814,461,,,0
1019200001,'5e4af7a9-571b-4a0c-a0b1-3b124e00562a',1658,,815,461,,,0
1019200001,'fe1884a6-717c-4091-95a3-58069f90c1d5',1658,,816,461,,,0
