1000000,'002e9040-347b-4d67-99ad-91f095cd5be5',601,,527,54,,,0,100,,525,54,,,0,100,,530,54,,,0,100,,524,54,,,0,100,,528,54,,,0,100,,532,54,,,0,100,,531,54,,,0,100,,526,54,,,0,100,,529,54,,,0,100,,534,54,,,0,100,,533,54,,,0,100,,535,54,,,0
1000000,'3b3536a6-84e2-41dd-ace2-34555d61bc26',601,,536,54,,,0,100,,547,54,,,0,100,,542,54,,,0,100,,540,54,,,0,100,,543,54,,,0,100,,538,54,,,0,100,,544,54,,,0,100,,545,54,,,0,100,,546,54,,,0,100,,537,54,,,0,100,,541,54,,,0,100,,539,54,,,0
1000000,'6740aa73-5c15-4ada-bae1-0581627d255c',601,,552,54,,,0,100,,557,54,,,0,100,,551,54,,,0,100,,549,54,,,0,100,,553,54,,,0,100,,554,54,,,0,100,,559,54,,,0,100,,555,54,,,0,100,,548,54,,,0,100,,556,54,,,0,100,,560,54,,,0,100,,550,54,,,0,100,,558,54,,,0
1000000,'8b416866-5b6c-451e-b06e-834b3044aa33',601,,573,54,,,0,100,,568,54,,,0,100,,565,54,,,0,100,,563,54,,,0,100,,571,54,,,0,100,,566,54,,,0,100,,567,54,,,0,100,,564,54,,,0,100,,570,54,,,0,100,,562,54,,,0,100,,561,54,,,0,100,,572,54,,,0,100,,569,54,,,0
1019200000,'1bbe38fd-cc46-40bc-a40a-506639991551',901,,798,54,,,0,100,,799,54,,,0,100,,796,54,,,0,100,,793,54,,,0,100,,795,54,,,0,100,,794,54,,,0,100,,797,54,,,0
1019200000,'5e4af7a9-571b-4a0c-a0b1-3b124e00562a',901,,806,54,,,0,100,,801,54,,,0,100,,802,54,,,0,100,,804,54,,,0,100,,805,54,,,0,100,,803,54,,,0,100,,800,54,,,0
1019200000,'fe1884a6-717c-4091-95a3-58069f90c1d5',901,,808,54,,,0,100,,809,54,,,0,100,,810,54,,,0,100,,813,54,,,0,100,,811,54,,,0,100,,812,54,,,0,100,,807,54,,,0
1019200001,'1bbe38fd-cc46-40bc-a40a-506639991551',1601,,814,54,,,0
1019200001,'5e4af7a9-571b-4a0c-a0b1-3b124e00562a',1601,,815,54,,,0
1019200001,'fe1884a6-717c-4091-95a3-58069f90c1d5',1601,,816,54,,,0
