1000000,'002e9040-347b-4d67-99ad-91f095cd5be5',634,,527,305,,,0,100,,525,305,,,0,100,,530,305,,,0,100,,524,305,,,0,100,,528,305,,,0,100,,532,305,,,0,100,,531,305,,,0,100,,526,305,,,0,100,,529,305,,,0,100,,534,305,,,0,100,,533,305,,,0,100,,535,305,,,0
1000000,'3b3536a6-84e2-41dd-ace2-34555d61bc26',634,,536,305,,,0,100,,547,305,,,0,100,,542,305,,,0,100,,540,305,,,0,100,,543,305,,,0,100,,538,305,,,0,100,,544,305,,,0,100,,545,305,,,0,100,,546,305,,,0,100,,537,305,,,0,100,,541,305,,,0,100,,539,305,,,0
1000000,'6740aa73-5c15-4ada-bae1-0581627d255c',634,,552,305,,,0,100,,557,305,,,0,100,,551,305,,,0,100,,549,305,,,0,100,,553,305,,,0,100,,554,305,,,0,100,,559,305,,,0,100,,555,305,,,0,100,,548,305,,,0,100,,556,305,,,0,100,,560,305,,,0,100,,550,305,,,0,100,,558,305,,,0
1000000,'8b416866-5b6c-451e-b06e-834b3044aa33',634,,573,305,,,0,100,,568,305,,,0,100,,565,305,,,0,100,,563,305,,,0,100,,571,305,,,0,100,,566,305,,,0,100,,567,305,,,0,100,,564,305,,,0,100,,570,305,,,0,100,,562,305,,,0,100,,561,305,,,0,100,,572,305,,,0,100,,569,305,,,0
1019200000,'1bbe38fd-cc46-40bc-a40a-506639991551',934,,798,303,,,0,100,,799,303,,,0,100,,796,303,,,0,100,,793,303,,,0,100,,795,303,,,0,100,,794,303,,,0,100,,797,303,,,0
1019200000,'5e4af7a9-571b-4a0c-a0b1-3b124e00562a',934,,806,303,,,0,100,,801,303,,,0,100,,802,303,,,0,100,,804,303,,,0,100,,805,303,,,0,100,,803,303,,,0,100,,800,303,,,0
1019200000,'fe1884a6-717c-4091-95a3-58069f90c1d5',934,,808,303,,,0,100,,809,303,,,0,100,,810,303,,,0,100,,813,303,,,0,100,,811,303,,,0,100,,812,303,,,0,100,,807,303,,,0
1019200001,'1bbe38fd-cc46-40bc-a40a-506639991551',1634,,814,303,,,0
1019200001,'5e4af7a9-571b-4a0c-a0b1-3b124e00562a',1634,,815,303,,,0
1019200001,'fe1884a6-717c-4091-95a3-58069f90c1d5',1634,,816,303,,,0
