1000000,'002e9040-347b-4d67-99ad-91f095cd5be5',605,,527,99,,,0,100,,525,99,,,0,100,,530,99,,,0,100,,524,99,,,0,100,,528,99,,,0,100,,532,99,,,0,100,,531,99,,,0,100,,526,99,,,0,100,,529,99,,,0,100,,534,99,,,0,100,,533,99,,,0,100,,535,99,,,0
1000000,'3b3536a6-84e2-41dd-ace2-34555d61bc26',605,,536,99,,,0,100,,547,99,,,0,100,,542,99,,,0,100,,540,99,,,0,100,,543,99,,,0,100,,538,99,,,0,100,,544,99,,,0,100,,545,99,,,0,100,,546,99,,,0,100,,537,99,,,0,100,,541,99,,,0,100,,539,99,,,0
1000000,'6740aa73-5c15-4ada-bae1-0581627d255c',605,,552,99,,,0,100,,557,99,,,0,100,,551,99,,,0,100,,549,99,,,0,100,,553,99,,,0,100,,554,99,,,0,100,,559,99,,,0,100,,555,99,,,0,100,,548,99,,,0,100,,556,99,,,0,100,,560,99,,,0,100,,550,99,,,0,100,,558,99,,,0
1000000,'8b416866-5b6c-451e-b06e-834b3044aa33',605,,573,99,,,0,100,,568,99,,,0,100,,565,99,,,0,100,,563,99,,,0,100,,571,99,,,0,100,,566,99,,,0,100,,567,99,,,0,100,,564,99,,,0,100,,570,99,,,0,100,,562,99,,,0,100,,561,99,,,0,100,,572,99,,,0,100,,569,99,,,0
3000000,'002e9040-347b-4d67-99ad-91f095cd5be5',837,,628,70,,,0,100,,629,70,,,0,100,,624,70,,,0,100,,625,70,,,0,100,,627,70,,,0,100,,626,70,,,0
3000000,'3b3536a6-84e2-41dd-ace2-34555d61bc26',837,,631,70,,,0,100,,633,70,,,0,100,,632,70,,,0,100,,630,70,,,0,100,,635,70,,,0,100,,634,70,,,0
3000000,'6740aa73-5c15-4ada-bae1-0581627d255c',837,,639,70,,,0,100,,636,70,,,0,100,,640,70,,,0,100,,638,70,,,0,100,,641,70,,,0,100,,637,70,,,0
3000000,'8b416866-5b6c-451e-b06e-834b3044aa33',837,,646,70,,,0,100,,642,70,,,0,100,,644,70,,,0,100,,645,70,,,0,100,,647,70,,,0,100,,643,70,,,0
300000100,'002e9040-347b-4d67-99ad-91f095cd5be5',637,,777,70,,,0,100,,778,70,,,0,800,,775,70,,,0,100,,776,70,,,0
300000100,'3b3536a6-84e2-41dd-ace2-34555d61bc26',637,,780,70,,,0,100,,779,70,,,0
300000100,'6740aa73-5c15-4ada-bae1-0581627d255c',637,,784,70,,,0,100,,783,70,,,0,800,,781,70,,,0,100,,782,70,,,0
300000100,'8b416866-5b6c-451e-b06e-834b3044aa33',637,,788,70,,,0,100,,787,70,,,0,800,,786,70,,,0,100,,785,70,,,0
300000101,'002e9040-347b-4d67-99ad-91f095cd5be5',1437,,789,70,,,0
300000101,'3b3536a6-84e2-41dd-ace2-34555d61bc26',1437,,790,70,,,0
300000101,'6740aa73-5c15-4ada-bae1-0581627d255c',1437,,791,70,,,0
300000101,'8b416866-5b6c-451e-b06e-834b3044aa33',1437,,792,70,,,0
1019200000,'1bbe38fd-cc46-40bc-a40a-506639991551',905,,798,99,,,0,100,,799,99,,,0,100,,796,99,,,0,100,,793,99,,,0,100,,795,99,,,0,100,,794,99,,,0,100,,797,99,,,0
1019200000,'5e4af7a9-571b-4a0c-a0b1-3b124e00562a',905,,806,99,,,0,100,,801,99,,,0,100,,802,99,,,0,100,,804,99,,,0,100,,805,99,,,0,100,,803,99,,,0,100,,800,99,,,0
1019200000,'fe1884a6-717c-4091-95a3-58069f90c1d5',905,,808,99,,,0,100,,809,99,,,0,100,,810,99,,,0,100,,813,99,,,0,100,,811,99,,,0,100,,812,99,,,0,100,,807,99,,,0
1019200001,'1bbe38fd-cc46-40bc-a40a-506639991551',1605,,814,99,,,0
1019200001,'5e4af7a9-571b-4a0c-a0b1-3b124e00562a',1605,,815,99,,,0
1019200001,'fe1884a6-717c-4091-95a3-58069f90c1d5',1605,,816,99,,,0
