3000000,'002e9040-347b-4d67-99ad-91f095cd5be5',848,,628,147,,,0,100,,629,147,,,0,100,,624,147,,,0,100,,625,147,,,0,100,,627,147,,,0,100,,626,147,,,0
3000000,'3b3536a6-84e2-41dd-ace2-34555d61bc26',848,,631,147,,,0,100,,633,147,,,0,100,,632,147,,,0,100,,630,147,,,0,100,,635,147,,,0,100,,634,147,,,0
3000000,'6740aa73-5c15-4ada-bae1-0581627d255c',848,,639,147,,,0,100,,636,147,,,0,100,,640,147,,,0,100,,638,147,,,0,100,,641,147,,,0,100,,637,147,,,0
3000000,'8b416866-5b6c-451e-b06e-834b3044aa33',848,,646,147,,,0,100,,642,147,,,0,100,,644,147,,,0,100,,645,147,,,0,100,,647,147,,,0,100,,643,147,,,0
300000100,'002e9040-347b-4d67-99ad-91f095cd5be5',647,,777,147,,,0,100,,778,147,,,0,800,,775,147,,,0,100,,776,147,,,0
300000100,'3b3536a6-84e2-41dd-ace2-34555d61bc26',647,,780,147,,,0,100,,779,147,,,0
300000100,'6740aa73-5c15-4ada-bae1-0581627d255c',647,,784,147,,,0,100,,783,147,,,0,800,,781,147,,,0,100,,782,147,,,0
300000100,'8b416866-5b6c-451e-b06e-834b3044aa33',647,,788,147,,,0,100,,787,147,,,0,800,,786,147,,,0,100,,785,147,,,0
300000101,'002e9040-347b-4d67-99ad-91f095cd5be5',1449,,789,146,,,0
300000101,'3b3536a6-84e2-41dd-ace2-34555d61bc26',1449,,790,146,,,0
300000101,'6740aa73-5c15-4ada-bae1-0581627d255c',1449,,791,146,,,0
300000101,'8b416866-5b6c-451e-b06e-834b3044aa33',1449,,792,146,,,0
