2000000,'002e9040-347b-4d67-99ad-91f095cd5be5',550,,579,39,,,0,100,,581,39,,,0,100,,583,39,,,0,100,,580,39,,,0,100,,576,39,,,0,100,,577,39,,,0,100,,575,39,,,0,100,,584,39,,,0,100,,585,39,,,0,100,,578,39,,,0,100,,582,39,,,0,100,,574,39,,,0
2000000,'3b3536a6-84e2-41dd-ace2-34555d61bc26',550,,597,39,,,0,100,,589,39,,,0,100,,593,39,,,0,100,,588,39,,,0,100,,587,39,,,0,100,,596,39,,,0,100,,594,39,,,0,100,,592,39,,,0,100,,595,39,,,0,100,,586,39,,,0,100,,590,39,,,0,100,,591,39,,,0
2000000,'6740aa73-5c15-4ada-bae1-0581627d255c',550,,610,39,,,0,100,,609,39,,,0,100,,605,39,,,0,100,,599,39,,,0,100,,608,39,,,0,100,,602,39,,,0,100,,603,39,,,0,100,,600,39,,,0,100,,598,39,,,0,100,,601,39,,,0,100,,606,39,,,0,100,,604,39,,,0,100,,607,39,,,0
2000000,'8b416866-5b6c-451e-b06e-834b3044aa33',550,,615,39,,,0,100,,623,39,,,0,100,,617,39,,,0,100,,613,39,,,0,100,,616,39,,,0,100,,621,39,,,0,100,,618,39,,,0,100,,612,39,,,0,100,,622,39,,,0,100,,614,39,,,0,100,,619,39,,,0,100,,611,39,,,0,100,,620,39,,,0
2019200000,'1bbe38fd-cc46-40bc-a40a-506639991551',950,,822,37,,,0,100,,820,37,,,0,100,,821,37,,,0,100,,818,37,,,0,100,,819,37,,,0,100,,817,37,,,0,100,,823,37,,,0
2019200000,'5e4af7a9-571b-4a0c-a0b1-3b124e00562a',950,,830,37,,,0,100,,825,37,,,0,100,,824,37,,,0,100,,826,37,,,0,100,,827,37,,,0,100,,829,37,,,0,100,,828,37,,,0
2019200000,'fe1884a6-717c-4091-95a3-58069f90c1d5',950,,836,37,,,0,100,,831,37,,,0,100,,832,37,,,0,100,,835,37,,,0,100,,833,37,,,0,100,,837,37,,,0,100,,834,37,,,0
2019200001,'1bbe38fd-cc46-40bc-a40a-506639991551',850,,838,35,,,0
2019200001,'5e4af7a9-571b-4a0c-a0b1-3b124e00562a',850,,839,35,,,0
2019200001,'fe1884a6-717c-4091-95a3-58069f90c1d5',850,,840,35,,,0
