1000000,'002e9040-347b-4d67-99ad-91f095cd5be5',609,,527,132,,,0,100,,525,132,,,0,100,,530,132,,,0,100,,524,132,,,0,100,,528,132,,,0,100,,532,132,,,0,100,,531,132,,,0,100,,526,132,,,0,100,,529,132,,,0,100,,534,132,,,0,100,,533,132,,,0,100,,535,132,,,0
1000000,'3b3536a6-84e2-41dd-ace2-34555d61bc26',609,,536,132,,,0,100,,547,132,,,0,100,,542,132,,,0,100,,540,132,,,0,100,,543,132,,,0,100,,538,132,,,0,100,,544,132,,,0,100,,545,132,,,0,100,,546,132,,,0,100,,537,132,,,0,100,,541,132,,,0,100,,539,132,,,0
1000000,'6740aa73-5c15-4ada-bae1-0581627d255c',609,,552,132,,,0,100,,557,132,,,0,100,,551,132,,,0,100,,549,132,,,0,100,,553,132,,,0,100,,554,132,,,0,100,,559,132,,,0,100,,555,132,,,0,100,,548,132,,,0,100,,556,132,,,0,100,,560,132,,,0,100,,550,132,,,0,100,,558,132,,,0
1000000,'8b416866-5b6c-451e-b06e-834b3044aa33',609,,573,132,,,0,100,,568,132,,,0,100,,565,132,,,0,100,,563,132,,,0,100,,571,132,,,0,100,,566,132,,,0,100,,567,132,,,0,100,,564,132,,,0,100,,570,132,,,0,100,,562,132,,,0,100,,561,132,,,0,100,,572,132,,,0,100,,569,132,,,0
2000000,'002e9040-347b-4d67-99ad-91f095cd5be5',546,,579,15,,,0,100,,581,15,,,0,100,,583,15,,,0,100,,580,15,,,0,100,,576,15,,,0,100,,577,15,,,0,100,,575,15,,,0,100,,584,15,,,0,100,,585,15,,,0,100,,578,15,,,0,100,,582,15,,,0,100,,574,15,,,0
2000000,'3b3536a6-84e2-41dd-ace2-34555d61bc26',546,,597,15,,,0,100,,589,15,,,0,100,,593,15,,,0,100,,588,15,,,0,100,,587,15,,,0,100,,596,15,,,0,100,,594,15,,,0,100,,592,15,,,0,100,,595,15,,,0,100,,586,15,,,0,100,,590,15,,,0,100,,591,15,,,0
2000000,'6740aa73-5c15-4ada-bae1-0581627d255c',546,,610,15,,,0,100,,609,15,,,0,100,,605,15,,,0,100,,599,15,,,0,100,,608,15,,,0,100,,602,15,,,0,100,,603,15,,,0,100,,600,15,,,0,100,,598,15,,,0,100,,601,15,,,0,100,,606,15,,,0,100,,604,15,,,0,100,,607,15,,,0
2000000,'8b416866-5b6c-451e-b06e-834b3044aa33',546,,615,15,,,0,100,,623,15,,,0,100,,617,15,,,0,100,,613,15,,,0,100,,616,15,,,0,100,,621,15,,,0,100,,618,15,,,0,100,,612,15,,,0,100,,622,15,,,0,100,,614,15,,,0,100,,619,15,,,0,100,,611,15,,,0,100,,620,15,,,0
3000000,'002e9040-347b-4d67-99ad-91f095cd5be5',842,,628,102,,,0,100,,629,102,,,0,100,,624,102,,,0,100,,625,102,,,0,100,,627,102,,,0,100,,626,102,,,0
3000000,'3b3536a6-84e2-41dd-ace2-34555d61bc26',842,,631,102,,,0,100,,633,102,,,0,100,,632,102,,,0,100,,630,102,,,0,100,,635,102,,,0,100,,634,102,,,0
3000000,'6740aa73-5c15-4ada-bae1-0581627d255c',842,,639,102,,,0,100,,636,102,,,0,100,,640,102,,,0,100,,638,102,,,0,100,,641,102,,,0,100,,637,102,,,0
3000000,'8b416866-5b6c-451e-b06e-834b3044aa33',842,,646,102,,,0,100,,642,102,,,0,100,,644,102,,,0,100,,645,102,,,0,100,,647,102,,,0,100,,643,102,,,0
300000100,'002e9040-347b-4d67-99ad-91f095cd5be5',642,,777,101,,,0,100,,778,101,,,0,800,,775,101,,,0,100,,776,101,,,0
300000100,'3b3536a6-84e2-41dd-ace2-34555d61bc26',642,,780,101,,,0,100,,779,101,,,0
300000100,'6740aa73-5c15-4ada-bae1-0581627d255c',642,,784,101,,,0,100,,783,101,,,0,800,,781,101,,,0,100,,782,101,,,0
300000100,'8b416866-5b6c-451e-b06e-834b3044aa33',642,,788,101,,,0,100,,787,101,,,0,800,,786,101,,,0,100,,785,101,,,0
300000101,'002e9040-347b-4d67-99ad-91f095cd5be5',1442,,789,101,,,0
300000101,'3b3536a6-84e2-41dd-ace2-34555d61bc26',1442,,790,101,,,0
300000101,'6740aa73-5c15-4ada-bae1-0581627d255c',1442,,791,101,,,0
300000101,'8b416866-5b6c-451e-b06e-834b3044aa33',1442,,792,101,,,0
1019200000,'1bbe38fd-cc46-40bc-a40a-506639991551',909,,798,132,,,0,100,,799,132,,,0,100,,796,132,,,0,100,,793,132,,,0,100,,795,132,,,0,100,,794,132,,,0,100,,797,132,,,0
1019200000,'5e4af7a9-571b-4a0c-a0b1-3b124e00562a',909,,806,132,,,0,100,,801,132,,,0,100,,802,132,,,0,100,,804,132,,,0,100,,805,132,,,0,100,,803,132,,,0,100,,800,132,,,0
1019200000,'fe1884a6-717c-4091-95a3-58069f90c1d5',909,,808,132,,,0,100,,809,132,,,0,100,,810,132,,,0,100,,813,132,,,0,100,,811,132,,,0,100,,812,132,,,0,100,,807,132,,,0
1019200001,'1bbe38fd-cc46-40bc-a40a-506639991551',1609,,814,132,,,0
1019200001,'5e4af7a9-571b-4a0c-a0b1-3b124e00562a',1609,,815,132,,,0
1019200001,'fe1884a6-717c-4091-95a3-58069f90c1d5',1609,,816,132,,,0
2019200000,'1bbe38fd-cc46-40bc-a40a-506639991551',946,,822,13,,,0,100,,820,13,,,0,100,,821,13,,,0,100,,818,13,,,0,100,,819,13,,,0,100,,817,13,,,0,100,,823,13,,,0
2019200000,'5e4af7a9-571b-4a0c-a0b1-3b124e00562a',946,,830,13,,,0,100,,825,13,,,0,100,,824,13,,,0,100,,826,13,,,0,100,,827,13,,,0,100,,829,13,,,0,100,,828,13,,,0
2019200000,'fe1884a6-717c-4091-95a3-58069f90c1d5',946,,836,13,,,0,100,,831,13,,,0,100,,832,13,,,0,100,,835,13,,,0,100,,833,13,,,0,100,,837,13,,,0,100,,834,13,,,0
2019200001,'1bbe38fd-cc46-40bc-a40a-506639991551',846,,838,11,,,0
2019200001,'5e4af7a9-571b-4a0c-a0b1-3b124e00562a',846,,839,11,,,0
2019200001,'fe1884a6-717c-4091-95a3-58069f90c1d5',846,,840,11,,,0
