3000000,'002e9040-347b-4d67-99ad-91f095cd5be5',900,,628,209,,,0,100,,629,209,,,0,100,,624,209,,,0,100,,625,209,,,0,100,,627,209,,,0,100,,626,209,,,0
3000000,'3b3536a6-84e2-41dd-ace2-34555d61bc26',900,,631,209,,,0,100,,633,209,,,0,100,,632,209,,,0,100,,630,209,,,0,100,,635,209,,,0,100,,634,209,,,0
3000000,'6740aa73-5c15-4ada-bae1-0581627d255c',900,,639,209,,,0,100,,636,209,,,0,100,,640,209,,,0,100,,638,209,,,0,100,,641,209,,,0,100,,637,209,,,0
3000000,'8b416866-5b6c-451e-b06e-834b3044aa33',900,,646,209,,,0,100,,642,209,,,0,100,,644,209,,,0,100,,645,209,,,0,100,,647,209,,,0,100,,643,209,,,0
300000100,'002e9040-347b-4d67-99ad-91f095cd5be5',700,,777,222,,,0,100,,778,222,,,0,800,,775,222,,,0,100,,776,222,,,0
300000100,'3b3536a6-84e2-41dd-ace2-34555d61bc26',700,,780,222,,,0,100,,779,222,,,0
300000100,'6740aa73-5c15-4ada-bae1-0581627d255c',700,,784,222,,,0,100,,783,222,,,0,800,,781,222,,,0,100,,782,222,,,0
300000100,'8b416866-5b6c-451e-b06e-834b3044aa33',700,,788,222,,,0,100,,787,222,,,0,800,,786,222,,,0,100,,785,222,,,0
300000101,'002e9040-347b-4d67-99ad-91f095cd5be5',1500,,789,185,,,0
300000101,'3b3536a6-84e2-41dd-ace2-34555d61bc26',1500,,790,185,,,0
300000101,'6740aa73-5c15-4ada-bae1-0581627d255c',1500,,791,185,,,0
300000101,'8b416866-5b6c-451e-b06e-834b3044aa33',1500,,792,185,,,0
1019200001,'1bbe38fd-cc46-40bc-a40a-506639991551',1650,,814,394,,,0
1019200001,'5e4af7a9-571b-4a0c-a0b1-3b124e00562a',1650,,815,394,,,0
1019200001,'fe1884a6-717c-4091-95a3-58069f90c1d5',1650,,816,394,,,0
2019200001,'1bbe38fd-cc46-40bc-a40a-506639991551',905,,838,136,,,0
2019200001,'5e4af7a9-571b-4a0c-a0b1-3b124e00562a',905,,839,136,,,0
2019200001,'fe1884a6-717c-4091-95a3-58069f90c1d5',905,,840,136,,,0
