2000000,'002e9040-347b-4d67-99ad-91f095cd5be5',603,,579,88,,,0,100,,581,88,,,0,100,,583,88,,,0,100,,580,88,,,0,100,,576,88,,,0,100,,577,88,,,0,100,,575,88,,,0,100,,584,88,,,0,100,,585,88,,,0,100,,578,88,,,0,100,,582,88,,,0,100,,574,88,,,0
2000000,'3b3536a6-84e2-41dd-ace2-34555d61bc26',603,,597,88,,,0,100,,589,88,,,0,100,,593,88,,,0,100,,588,88,,,0,100,,587,88,,,0,100,,596,88,,,0,100,,594,88,,,0,100,,592,88,,,0,100,,595,88,,,0,100,,586,88,,,0,100,,590,88,,,0,100,,591,88,,,0
2000000,'6740aa73-5c15-4ada-bae1-0581627d255c',603,,610,88,,,0,100,,609,88,,,0,100,,605,88,,,0,100,,599,88,,,0,100,,608,88,,,0,100,,602,88,,,0,100,,603,88,,,0,100,,600,88,,,0,100,,598,88,,,0,100,,601,88,,,0,100,,606,88,,,0,100,,604,88,,,0,100,,607,88,,,0
2000000,'8b416866-5b6c-451e-b06e-834b3044aa33',603,,615,88,,,0,100,,623,88,,,0,100,,617,88,,,0,100,,613,88,,,0,100,,616,88,,,0,100,,621,88,,,0,100,,618,88,,,0,100,,612,88,,,0,100,,622,88,,,0,100,,614,88,,,0,100,,619,88,,,0,100,,611,88,,,0,100,,620,88,,,0
2019200000,'1bbe38fd-cc46-40bc-a40a-506639991551',1003,,822,86,,,0,100,,820,86,,,0,100,,821,86,,,0,100,,818,86,,,0,100,,819,86,,,0,100,,817,86,,,0,100,,823,86,,,0
2019200000,'5e4af7a9-571b-4a0c-a0b1-3b124e00562a',1003,,830,86,,,0,100,,825,86,,,0,100,,824,86,,,0,100,,826,86,,,0,100,,827,86,,,0,100,,829,86,,,0,100,,828,86,,,0
2019200000,'fe1884a6-717c-4091-95a3-58069f90c1d5',1003,,836,86,,,0,100,,831,86,,,0,100,,832,86,,,0,100,,835,86,,,0,100,,833,86,,,0,100,,837,86,,,0,100,,834,86,,,0
2019200001,'1bbe38fd-cc46-40bc-a40a-506639991551',901,,838,84,,,0
2019200001,'5e4af7a9-571b-4a0c-a0b1-3b124e00562a',901,,839,84,,,0
2019200001,'fe1884a6-717c-4091-95a3-58069f90c1d5',901,,840,84,,,0
