1000000,'002e9040-347b-4d67-99ad-91f095cd5be5',604,,527,78,,,0,100,,525,78,,,0,100,,530,78,,,0,100,,524,78,,,0,100,,528,78,,,0,100,,532,78,,,0,100,,531,78,,,0,100,,526,78,,,0,100,,529,78,,,0,100,,534,78,,,0,100,,533,78,,,0,100,,535,78,,,0
1000000,'3b3536a6-84e2-41dd-ace2-34555d61bc26',604,,536,78,,,0,100,,547,78,,,0,100,,542,78,,,0,100,,540,78,,,0,100,,543,78,,,0,100,,538,78,,,0,100,,544,78,,,0,100,,545,78,,,0,100,,546,78,,,0,100,,537,78,,,0,100,,541,78,,,0,100,,539,78,,,0
1000000,'6740aa73-5c15-4ada-bae1-0581627d255c',604,,552,78,,,0,100,,557,78,,,0,100,,551,78,,,0,100,,549,78,,,0,100,,553,78,,,0,100,,554,78,,,0,100,,559,78,,,0,100,,555,78,,,0,100,,548,78,,,0,100,,556,78,,,0,100,,560,78,,,0,100,,550,78,,,0,100,,558,78,,,0
1000000,'8b416866-5b6c-451e-b06e-834b3044aa33',604,,573,78,,,0,100,,568,78,,,0,100,,565,78,,,0,100,,563,78,,,0,100,,571,78,,,0,100,,566,78,,,0,100,,567,78,,,0,100,,564,78,,,0,100,,570,78,,,0,100,,562,78,,,0,100,,561,78,,,0,100,,572,78,,,0,100,,569,78,,,0
1019200000,'1bbe38fd-cc46-40bc-a40a-506639991551',904,,798,78,,,0,100,,799,78,,,0,100,,796,78,,,0,100,,793,78,,,0,100,,795,78,,,0,100,,794,78,,,0,100,,797,78,,,0
1019200000,'5e4af7a9-571b-4a0c-a0b1-3b124e00562a',904,,806,78,,,0,100,,801,78,,,0,100,,802,78,,,0,100,,804,78,,,0,100,,805,78,,,0,100,,803,78,,,0,100,,800,78,,,0
1019200000,'fe1884a6-717c-4091-95a3-58069f90c1d5',904,,808,78,,,0,100,,809,78,,,0,100,,810,78,,,0,100,,813,78,,,0,100,,811,78,,,0,100,,812,78,,,0,100,,807,78,,,0
1019200001,'1bbe38fd-cc46-40bc-a40a-506639991551',1604,,814,78,,,0
1019200001,'5e4af7a9-571b-4a0c-a0b1-3b124e00562a',1604,,815,78,,,0
1019200001,'fe1884a6-717c-4091-95a3-58069f90c1d5',1604,,816,78,,,0
