1000000,'002e9040-347b-4d67-99ad-91f095cd5be5',650,,527,376,,,0,100,,525,376,,,0,100,,530,376,,,0,100,,524,376,,,0,100,,528,376,,,0,100,,532,376,,,0,100,,531,376,,,0,100,,526,376,,,0,100,,529,376,,,0,100,,534,376,,,0,100,,533,376,,,0,100,,535,376,,,0
1000000,'3b3536a6-84e2-41dd-ace2-34555d61bc26',650,,536,376,,,0,100,,547,376,,,0,100,,542,376,,,0,100,,540,376,,,0,100,,543,376,,,0,100,,538,376,,,0,100,,544,376,,,0,100,,545,376,,,0,100,,546,376,,,0,100,,537,376,,,0,100,,541,376,,,0,100,,539,376,,,0
1000000,'6740aa73-5c15-4ada-bae1-0581627d255c',650,,552,376,,,0,100,,557,376,,,0,100,,551,376,,,0,100,,549,376,,,0,100,,553,376,,,0,100,,554,376,,,0,100,,559,376,,,0,100,,555,376,,,0,100,,548,376,,,0,100,,556,376,,,0,100,,560,376,,,0,100,,550,376,,,0,100,,558,376,,,0
1000000,'8b416866-5b6c-451e-b06e-834b3044aa33',650,,573,376,,,0,100,,568,376,,,0,100,,565,376,,,0,100,,563,376,,,0,100,,571,376,,,0,100,,566,376,,,0,100,,567,376,,,0,100,,564,376,,,0,100,,570,376,,,0,100,,562,376,,,0,100,,561,376,,,0,100,,572,376,,,0,100,,569,376,,,0
1019200000,'1bbe38fd-cc46-40bc-a40a-506639991551',950,,798,374,,,0,100,,799,374,,,0,100,,796,374,,,0,100,,793,374,,,0,100,,795,374,,,0,100,,794,374,,,0,100,,797,374,,,0
1019200000,'5e4af7a9-571b-4a0c-a0b1-3b124e00562a',950,,806,374,,,0,100,,801,374,,,0,100,,802,374,,,0,100,,804,374,,,0,100,,805,374,,,0,100,,803,374,,,0,100,,800,374,,,0
1019200000,'fe1884a6-717c-4091-95a3-58069f90c1d5',950,,808,374,,,0,100,,809,374,,,0,100,,810,374,,,0,100,,813,374,,,0,100,,811,374,,,0,100,,812,374,,,0,100,,807,374,,,0
1019200001,'1bbe38fd-cc46-40bc-a40a-506639991551',1655,,814,440,,,0
1019200001,'5e4af7a9-571b-4a0c-a0b1-3b124e00562a',1655,,815,440,,,0
1019200001,'fe1884a6-717c-4091-95a3-58069f90c1d5',1655,,816,440,,,0
