1000000,'002e9040-347b-4d67-99ad-91f095cd5be5',612,,527,154,,,0,100,,525,154,,,0,100,,530,154,,,0,100,,524,154,,,0,100,,528,154,,,0,100,,532,154,,,0,100,,531,154,,,0,100,,526,154,,,0,100,,529,154,,,0,100,,534,154,,,0,100,,533,154,,,0,100,,535,154,,,0
1000000,'3b3536a6-84e2-41dd-ace2-34555d61bc26',612,,536,154,,,0,100,,547,154,,,0,100,,542,154,,,0,100,,540,154,,,0,100,,543,154,,,0,100,,538,154,,,0,100,,544,154,,,0,100,,545,154,,,0,100,,546,154,,,0,100,,537,154,,,0,100,,541,154,,,0,100,,539,154,,,0
1000000,'6740aa73-5c15-4ada-bae1-0581627d255c',612,,552,154,,,0,100,,557,154,,,0,100,,551,154,,,0,100,,549,154,,,0,100,,553,154,,,0,100,,554,154,,,0,100,,559,154,,,0,100,,555,154,,,0,100,,548,154,,,0,100,,556,154,,,0,100,,560,154,,,0,100,,550,154,,,0,100,,558,154,,,0
1000000,'8b416866-5b6c-451e-b06e-834b3044aa33',612,,573,154,,,0,100,,568,154,,,0,100,,565,154,,,0,100,,563,154,,,0,100,,571,154,,,0,100,,566,154,,,0,100,,567,154,,,0,100,,564,154,,,0,100,,570,154,,,0,100,,562,154,,,0,100,,561,154,,,0,100,,572,154,,,0,100,,569,154,,,0
1019200000,'1bbe38fd-cc46-40bc-a40a-506639991551',912,,798,153,,,0,100,,799,153,,,0,100,,796,153,,,0,100,,793,153,,,0,100,,795,153,,,0,100,,794,153,,,0,100,,797,153,,,0
1019200000,'5e4af7a9-571b-4a0c-a0b1-3b124e00562a',912,,806,153,,,0,100,,801,153,,,0,100,,802,153,,,0,100,,804,153,,,0,100,,805,153,,,0,100,,803,153,,,0,100,,800,153,,,0
1019200000,'fe1884a6-717c-4091-95a3-58069f90c1d5',912,,808,153,,,0,100,,809,153,,,0,100,,810,153,,,0,100,,813,153,,,0,100,,811,153,,,0,100,,812,153,,,0,100,,807,153,,,0
1019200001,'1bbe38fd-cc46-40bc-a40a-506639991551',1612,,814,153,,,0
1019200001,'5e4af7a9-571b-4a0c-a0b1-3b124e00562a',1612,,815,153,,,0
1019200001,'fe1884a6-717c-4091-95a3-58069f90c1d5',1612,,816,153,,,0
