1000000,'002e9040-347b-4d67-99ad-91f095cd5be5',622,,527,217,,,0,100,,525,217,,,0,100,,530,217,,,0,100,,524,217,,,0,100,,528,217,,,0,100,,532,217,,,0,100,,531,217,,,0,100,,526,217,,,0,100,,529,217,,,0,100,,534,217,,,0,100,,533,217,,,0,100,,535,217,,,0
1000000,'3b3536a6-84e2-41dd-ace2-34555d61bc26',622,,536,217,,,0,100,,547,217,,,0,100,,542,217,,,0,100,,540,217,,,0,100,,543,217,,,0,100,,538,217,,,0,100,,544,217,,,0,100,,545,217,,,0,100,,546,217,,,0,100,,537,217,,,0,100,,541,217,,,0,100,,539,217,,,0
1000000,'6740aa73-5c15-4ada-bae1-0581627d255c',622,,552,217,,,0,100,,557,217,,,0,100,,551,217,,,0,100,,549,217,,,0,100,,553,217,,,0,100,,554,217,,,0,100,,559,217,,,0,100,,555,217,,,0,100,,548,217,,,0,100,,556,217,,,0,100,,560,217,,,0,100,,550,217,,,0,100,,558,217,,,0
1000000,'8b416866-5b6c-451e-b06e-834b3044aa33',622,,573,217,,,0,100,,568,217,,,0,100,,565,217,,,0,100,,563,217,,,0,100,,571,217,,,0,100,,566,217,,,0,100,,567,217,,,0,100,,564,217,,,0,100,,570,217,,,0,100,,562,217,,,0,100,,561,217,,,0,100,,572,217,,,0,100,,569,217,,,0
1019200000,'1bbe38fd-cc46-40bc-a40a-506639991551',922,,798,216,,,0,100,,799,216,,,0,100,,796,216,,,0,100,,793,216,,,0,100,,795,216,,,0,100,,794,216,,,0,100,,797,216,,,0
1019200000,'5e4af7a9-571b-4a0c-a0b1-3b124e00562a',922,,806,216,,,0,100,,801,216,,,0,100,,802,216,,,0,100,,804,216,,,0,100,,805,216,,,0,100,,803,216,,,0,100,,800,216,,,0
1019200000,'fe1884a6-717c-4091-95a3-58069f90c1d5',922,,808,216,,,0,100,,809,216,,,0,100,,810,216,,,0,100,,813,216,,,0,100,,811,216,,,0,100,,812,216,,,0,100,,807,216,,,0
1019200001,'1bbe38fd-cc46-40bc-a40a-506639991551',1622,,814,216,,,0
1019200001,'5e4af7a9-571b-4a0c-a0b1-3b124e00562a',1622,,815,216,,,0
1019200001,'fe1884a6-717c-4091-95a3-58069f90c1d5',1622,,816,216,,,0
