100,'002e9040-347b-4d67-99ad-91f095cd5be5',615,,425,78,4,,0
100,'6740aa73-5c15-4ada-bae1-0581627d255c',615,,426,78,4,,0
100,'8b416866-5b6c-451e-b06e-834b3044aa33',615,,427,78,4,,0
101,'002e9040-347b-4d67-99ad-91f095cd5be5',505,,428,0,,,0
101,'3b3536a6-84e2-41dd-ace2-34555d61bc26',505,,429,0,,,0
101,'6740aa73-5c15-4ada-bae1-0581627d255c',505,,430,0,,,0
101,'8b416866-5b6c-451e-b06e-834b3044aa33',505,,431,0,,,0
200,'002e9040-347b-4d67-99ad-91f095cd5be5',629,,439,0,,,0,100,,434,0,,,0,100,,441,0,,,0,200,,436,0,,,0,100,,433,0,,,0,100,,440,0,,,0,100,,432,0,,,0,200,,437,0,,,0,100,,435,0,,,0,100,,438,0,,,0
200,'3b3536a6-84e2-41dd-ace2-34555d61bc26',629,,451,0,,,0,100,,452,0,,,0,100,,453,0,,,0,200,,446,0,,,0,100,,445,0,,,0,100,,442,0,,,0,100,,443,0,,,0,200,,448,0,,,0,100,,447,0,,,0,100,,449,0,,,0,100,,444,0,,,0,100,,450,0,,,0
200,'6740aa73-5c15-4ada-bae1-0581627d255c',629,,460,0,,,0,100,,459,0,,,0,100,,455,0,,,0,200,,461,0,,,0,100,,456,0,,,0,100,,464,0,,,0,100,,454,0,,,0,200,,465,0,,,0,100,,462,0,,,0,100,,457,0,,,0,100,,458,0,,,0,100,,463,0,,,0
200,'8b416866-5b6c-451e-b06e-834b3044aa33',629,,474,0,,,0,100,,466,0,,,0,100,,475,0,,,0,200,,469,0,,,0,100,,477,0,,,0,100,,471,0,,,0,100,,473,0,,,0,200,,468,0,,,0,100,,476,0,,,0,100,,472,0,,,0,100,,470,0,,,0,100,,467,0,,,0
201,'002e9040-347b-4d67-99ad-91f095cd5be5',715,,482,66,4,,0,100,,484,66,4,,0,100,,481,66,4,,0,200,,478,66,4,,0,100,,486,66,4,,0,100,,480,66,4,,0,100,,483,66,4,,0,200,,479,66,4,,0,100,,487,66,4,,0,100,,485,66,4,,0
201,'3b3536a6-84e2-41dd-ace2-34555d61bc26',715,,494,66,4,,0,100,,488,66,4,,0,100,,489,66,4,,0,200,,490,66,4,,0,100,,498,66,4,,0,100,,499,66,4,,0,100,,497,66,4,,0,200,,493,66,4,,0,100,,496,66,4,,0,100,,491,66,4,,0,100,,495,66,4,,0,100,,492,66,4,,0
201,'6740aa73-5c15-4ada-bae1-0581627d255c',715,,508,66,4,,0,100,,507,66,4,,0,100,,511,66,4,,0,200,,503,66,4,,0,100,,510,66,4,,0,100,,505,66,4,,0,100,,504,66,4,,0,200,,506,66,4,,0,100,,500,66,4,,0,100,,509,66,4,,0,100,,502,66,4,,0,100,,501,66,4,,0
201,'8b416866-5b6c-451e-b06e-834b3044aa33',715,,513,66,4,,0,100,,516,66,4,,0,100,,521,66,4,,0,200,,519,66,4,,0,100,,515,66,4,,0,100,,514,66,4,,0,100,,520,66,4,,0,200,,523,66,4,,0,100,,512,66,4,,0,100,,517,66,4,,0,100,,518,66,4,,0,100,,522,66,4,,0
1000000,'002e9040-347b-4d67-99ad-91f095cd5be5',640,,527,345,,,0,100,,525,345,,,0,100,,530,345,,,0,100,,524,345,,,0,100,,528,345,,,0,100,,532,345,,,0,100,,531,345,,,0,100,,526,345,,,0,100,,529,345,,,0,100,,534,345,,,0,100,,533,345,,,0,100,,535,345,,,0
1000000,'3b3536a6-84e2-41dd-ace2-34555d61bc26',640,,536,345,,,0,100,,547,345,,,0,100,,542,345,,,0,100,,540,345,,,0,100,,543,345,,,0,100,,538,345,,,0,100,,544,345,,,0,100,,545,345,,,0,100,,546,345,,,0,100,,537,345,,,0,100,,541,345,,,0,100,,539,345,,,0
1000000,'6740aa73-5c15-4ada-bae1-0581627d255c',640,,552,345,,,0,100,,557,345,,,0,100,,551,345,,,0,100,,549,345,,,0,100,,553,345,,,0,100,,554,345,,,0,100,,559,345,,,0,100,,555,345,,,0,100,,548,345,,,0,100,,556,345,,,0,100,,560,345,,,0,100,,550,345,,,0,100,,558,345,,,0
1000000,'8b416866-5b6c-451e-b06e-834b3044aa33',640,,573,345,,,0,100,,568,345,,,0,100,,565,345,,,0,100,,563,345,,,0,100,,571,345,,,0,100,,566,345,,,0,100,,567,345,,,0,100,,564,345,,,0,100,,570,345,,,0,100,,562,345,,,0,100,,561,345,,,0,100,,572,345,,,0,100,,569,345,,,0
2000000,'002e9040-347b-4d67-99ad-91f095cd5be5',620,,579,179,,,0,100,,581,179,,,0,100,,583,179,,,0,100,,580,179,,,0,100,,576,179,,,0,100,,577,179,,,0,100,,575,179,,,0,100,,584,179,,,0,100,,585,179,,,0,100,,578,179,,,0,100,,582,179,,,0,100,,574,179,,,0
2000000,'3b3536a6-84e2-41dd-ace2-34555d61bc26',620,,597,179,,,0,100,,589,179,,,0,100,,593,179,,,0,100,,588,179,,,0,100,,587,179,,,0,100,,596,179,,,0,100,,594,179,,,0,100,,592,179,,,0,100,,595,179,,,0,100,,586,179,,,0,100,,590,179,,,0,100,,591,179,,,0
2000000,'6740aa73-5c15-4ada-bae1-0581627d255c',620,,610,179,,,0,100,,609,179,,,0,100,,605,179,,,0,100,,599,179,,,0,100,,608,179,,,0,100,,602,179,,,0,100,,603,179,,,0,100,,600,179,,,0,100,,598,179,,,0,100,,601,179,,,0,100,,606,179,,,0,100,,604,179,,,0,100,,607,179,,,0
2000000,'8b416866-5b6c-451e-b06e-834b3044aa33',620,,615,179,,,0,100,,623,179,,,0,100,,617,179,,,0,100,,613,179,,,0,100,,616,179,,,0,100,,621,179,,,0,100,,618,179,,,0,100,,612,179,,,0,100,,622,179,,,0,100,,614,179,,,0,100,,619,179,,,0,100,,611,179,,,0,100,,620,179,,,0
3000000,'002e9040-347b-4d67-99ad-91f095cd5be5',905,,628,234,,,0,100,,629,234,,,0,100,,624,234,,,0,100,,625,234,,,0,100,,627,234,,,0,100,,626,234,,,0
3000000,'3b3536a6-84e2-41dd-ace2-34555d61bc26',905,,631,234,,,0,100,,633,234,,,0,100,,632,234,,,0,100,,630,234,,,0,100,,635,234,,,0,100,,634,234,,,0
3000000,'6740aa73-5c15-4ada-bae1-0581627d255c',905,,639,234,,,0,100,,636,234,,,0,100,,640,234,,,0,100,,638,234,,,0,100,,641,234,,,0,100,,637,234,,,0
3000000,'8b416866-5b6c-451e-b06e-834b3044aa33',905,,646,234,,,0,100,,642,234,,,0,100,,644,234,,,0,100,,645,234,,,0,100,,647,234,,,0,100,,643,234,,,0
300000100,'002e9040-347b-4d67-99ad-91f095cd5be5',705,,777,253,,,0,100,,778,253,,,0,800,,775,253,,,0,100,,776,253,,,0
300000100,'3b3536a6-84e2-41dd-ace2-34555d61bc26',705,,780,253,,,0,100,,779,253,,,0
300000100,'6740aa73-5c15-4ada-bae1-0581627d255c',705,,784,253,,,0,100,,783,253,,,0,800,,781,253,,,0,100,,782,253,,,0
300000100,'8b416866-5b6c-451e-b06e-834b3044aa33',705,,788,253,,,0,100,,787,253,,,0,800,,786,253,,,0,100,,785,253,,,0
300000101,'002e9040-347b-4d67-99ad-91f095cd5be5',1505,,789,210,,,0
300000101,'3b3536a6-84e2-41dd-ace2-34555d61bc26',1505,,790,210,,,0
300000101,'6740aa73-5c15-4ada-bae1-0581627d255c',1505,,791,210,,,0
300000101,'8b416866-5b6c-451e-b06e-834b3044aa33',1505,,792,210,,,0
1019200000,'1bbe38fd-cc46-40bc-a40a-506639991551',940,,798,343,,,0,100,,799,343,,,0,100,,796,343,,,0,100,,793,343,,,0,100,,795,343,,,0,100,,794,343,,,0,100,,797,343,,,0
1019200000,'5e4af7a9-571b-4a0c-a0b1-3b124e00562a',940,,806,343,,,0,100,,801,343,,,0,100,,802,343,,,0,100,,804,343,,,0,100,,805,343,,,0,100,,803,343,,,0,100,,800,343,,,0
1019200000,'fe1884a6-717c-4091-95a3-58069f90c1d5',940,,808,343,,,0,100,,809,343,,,0,100,,810,343,,,0,100,,813,343,,,0,100,,811,343,,,0,100,,812,343,,,0,100,,807,343,,,0
1019200001,'1bbe38fd-cc46-40bc-a40a-506639991551',1640,,814,343,,,0
1019200001,'5e4af7a9-571b-4a0c-a0b1-3b124e00562a',1640,,815,343,,,0
1019200001,'fe1884a6-717c-4091-95a3-58069f90c1d5',1640,,816,343,,,0
2019200000,'1bbe38fd-cc46-40bc-a40a-506639991551',1020,,822,177,,,0,100,,820,177,,,0,100,,821,177,,,0,100,,818,177,,,0,100,,819,177,,,0,100,,817,177,,,0,100,,823,177,,,0
2019200000,'5e4af7a9-571b-4a0c-a0b1-3b124e00562a',1020,,830,177,,,0,100,,825,177,,,0,100,,824,177,,,0,100,,826,177,,,0,100,,827,177,,,0,100,,829,177,,,0,100,,828,177,,,0
2019200000,'fe1884a6-717c-4091-95a3-58069f90c1d5',1020,,836,177,,,0,100,,831,177,,,0,100,,832,177,,,0,100,,835,177,,,0,100,,833,177,,,0,100,,837,177,,,0,100,,834,177,,,0
2019200001,'1bbe38fd-cc46-40bc-a40a-506639991551',920,,838,225,,,0
2019200001,'5e4af7a9-571b-4a0c-a0b1-3b124e00562a',920,,839,225,,,0
2019200001,'fe1884a6-717c-4091-95a3-58069f90c1d5',920,,840,225,,,0
