32000100,'002e9040-347b-4d67-99ad-91f095cd5be5',643,,650,0,,,0,199,,648,0,,,0,270,,649,0,,,0,330,,651,0,,,0,200,,652,0,,,0
32000100,'3b3536a6-84e2-41dd-ace2-34555d61bc26',643,,654,0,,,0,200,,657,0,,,0,270,,656,0,,,0,330,,655,0,,,0,200,,658,0,,,0,270,,653,0,,,0
32000100,'6740aa73-5c15-4ada-bae1-0581627d255c',643,,662,0,,,0,200,,660,0,,,0,269,,659,0,,,0,331,,664,0,,,0,199,,663,0,,,0,270,,661,0,,,0
32000100,'8b416866-5b6c-451e-b06e-834b3044aa33',643,,667,0,,,0,200,,665,0,,,0,269,,670,0,,,0,331,,669,0,,,0,199,,668,0,,,0,270,,666,0,,,0
32000101,'002e9040-347b-4d67-99ad-91f095cd5be5',642,,674,311,4,,0,200,,673,311,4,,0,270,,672,311,4,,0,530,,671,311,4,,0
32000101,'3b3536a6-84e2-41dd-ace2-34555d61bc26',642,,675,311,4,,0,200,,676,311,4,,0,270,,679,311,4,,0,330,,678,311,4,,0,200,,680,311,4,,0,270,,677,311,4,,0
32000101,'6740aa73-5c15-4ada-bae1-0581627d255c',642,,682,311,4,,0,200,,681,311,4,,0,270,,684,311,4,,0,330,,683,311,4,,0,200,,685,311,4,,0,270,,686,311,4,,0
32000101,'8b416866-5b6c-451e-b06e-834b3044aa33',642,,688,311,4,,0,200,,690,311,4,,0,270,,687,311,4,,0,330,,692,311,4,,0,200,,689,311,4,,0,270,,691,311,4,,0
32000300,'1bbe38fd-cc46-40bc-a40a-506639991551',1017,,740,0,,,0,86,,740,159,4,,0,12,,744,0,,,0,88,,737,0,,,0,46,,737,159,4,,0,52,,742,0,,,0,48,,742,159,4,,0,86,,746,159,4,,0,82,,743,0,,,0,88,,743,159,4,,0,46,,735,159,4,,0,52,,745,0,,,0,48,,736,0,,,0,86,,736,159,4,,0,12,,734,0,,,0,88,,734,159,4,,0,86,,739,159,4,,0,12,,738,0,,,0,88,,741,0,,,0
32000300,'6740aa73-5c15-4ada-bae1-0581627d255c',1751,,748,0,,,0,86,,748,159,4,,0,12,,751,0,,,0,88,,749,0,,,0,86,,749,159,4,,0,12,,747,0,,,0,88,,750,0,,,0
32000300,'8b416866-5b6c-451e-b06e-834b3044aa33',1751,,756,0,,,0,86,,756,159,4,,0,12,,753,0,,,0,87,,753,159,4,,0,1,,752,0,,,0,86,,752,159,4,,0,12,,755,0,,,0,88,,754,0,,,0
32000300,'e187c9ec-e33a-4154-a7ac-3c7006c93e65',1017,,757,0,,,0,86,,757,159,4,,0,12,,759,0,,,0,88,,761,0,,,0,46,,761,159,4,,0,52,,760,0,,,0,48,,760,159,4,,0,86,,758,159,4,,0
32000300,'fe1884a6-717c-4091-95a3-58069f90c1d5',1017,,765,0,,,0,86,,765,159,4,,0,12,,773,0,,,0,88,,773,159,4,,0,46,,770,159,4,,0,52,,774,0,,,0,48,,774,159,4,,0,86,,769,159,4,,0,82,,767,0,,,0,88,,763,0,,,0,46,,763,159,4,,0,52,,772,0,,,0,48,,772,159,4,,0,86,,762,159,4,,0,12,,771,0,,,0,88,,766,0,,,0,86,,766,159,4,,0,12,,764,0,,,0,88,,768,0,,,0
320121400000,'1bbe38fd-cc46-40bc-a40a-506639991551',2306,,841,45,,,0,100,,842,45,,,0
320121400000,'8b416866-5b6c-451e-b06e-834b3044aa33',2306,,843,45,,,0,100,,844,45,,,0
320121400001,'1bbe38fd-cc46-40bc-a40a-506639991551',2316,,847,45,,,0
320121400001,'8b416866-5b6c-451e-b06e-834b3044aa33',2316,,850,45,,,0
