3000000,'002e9040-347b-4d67-99ad-91f095cd5be5',833,,628,19,,,0,100,,629,19,,,0,100,,624,19,,,0,100,,625,19,,,0,100,,627,19,,,0,100,,626,19,,,0
3000000,'3b3536a6-84e2-41dd-ace2-34555d61bc26',833,,631,19,,,0,100,,633,19,,,0,100,,632,19,,,0,100,,630,19,,,0,100,,635,19,,,0,100,,634,19,,,0
3000000,'6740aa73-5c15-4ada-bae1-0581627d255c',833,,639,19,,,0,100,,636,19,,,0,100,,640,19,,,0,100,,638,19,,,0,100,,641,19,,,0,100,,637,19,,,0
3000000,'8b416866-5b6c-451e-b06e-834b3044aa33',833,,646,19,,,0,100,,642,19,,,0,100,,644,19,,,0,100,,645,19,,,0,100,,647,19,,,0,100,,643,19,,,0
300000100,'002e9040-347b-4d67-99ad-91f095cd5be5',633,,777,19,,,0,100,,778,19,,,0,800,,775,19,,,0,100,,776,19,,,0
300000100,'3b3536a6-84e2-41dd-ace2-34555d61bc26',633,,780,19,,,0,100,,779,19,,,0
300000100,'6740aa73-5c15-4ada-bae1-0581627d255c',633,,784,19,,,0,100,,783,19,,,0,800,,781,19,,,0,100,,782,19,,,0
300000100,'8b416866-5b6c-451e-b06e-834b3044aa33',633,,788,19,,,0,100,,787,19,,,0,800,,786,19,,,0,100,,785,19,,,0
300000101,'002e9040-347b-4d67-99ad-91f095cd5be5',1433,,789,19,,,0
300000101,'3b3536a6-84e2-41dd-ace2-34555d61bc26',1433,,790,19,,,0
300000101,'6740aa73-5c15-4ada-bae1-0581627d255c',1433,,791,19,,,0
300000101,'8b416866-5b6c-451e-b06e-834b3044aa33',1433,,792,19,,,0
