2000000,'002e9040-347b-4d67-99ad-91f095cd5be5',608,,579,108,,,0,100,,581,108,,,0,100,,583,108,,,0,100,,580,108,,,0,100,,576,108,,,0,100,,577,108,,,0,100,,575,108,,,0,100,,584,108,,,0,100,,585,108,,,0,100,,578,108,,,0,100,,582,108,,,0,100,,574,108,,,0
2000000,'3b3536a6-84e2-41dd-ace2-34555d61bc26',608,,597,108,,,0,100,,589,108,,,0,100,,593,108,,,0,100,,588,108,,,0,100,,587,108,,,0,100,,596,108,,,0,100,,594,108,,,0,100,,592,108,,,0,100,,595,108,,,0,100,,586,108,,,0,100,,590,108,,,0,100,,591,108,,,0
2000000,'6740aa73-5c15-4ada-bae1-0581627d255c',608,,610,108,,,0,100,,609,108,,,0,100,,605,108,,,0,100,,599,108,,,0,100,,608,108,,,0,100,,602,108,,,0,100,,603,108,,,0,100,,600,108,,,0,100,,598,108,,,0,100,,601,108,,,0,100,,606,108,,,0,100,,604,108,,,0,100,,607,108,,,0
2000000,'8b416866-5b6c-451e-b06e-834b3044aa33',608,,615,108,,,0,100,,623,108,,,0,100,,617,108,,,0,100,,613,108,,,0,100,,616,108,,,0,100,,621,108,,,0,100,,618,108,,,0,100,,612,108,,,0,100,,622,108,,,0,100,,614,108,,,0,100,,619,108,,,0,100,,611,108,,,0,100,,620,108,,,0
2019200000,'1bbe38fd-cc46-40bc-a40a-506639991551',1008,,822,106,,,0,100,,820,106,,,0,100,,821,106,,,0,100,,818,106,,,0,100,,819,106,,,0,100,,817,106,,,0,100,,823,106,,,0
2019200000,'5e4af7a9-571b-4a0c-a0b1-3b124e00562a',1008,,830,106,,,0,100,,825,106,,,0,100,,824,106,,,0,100,,826,106,,,0,100,,827,106,,,0,100,,829,106,,,0,100,,828,106,,,0
2019200000,'fe1884a6-717c-4091-95a3-58069f90c1d5',1008,,836,106,,,0,100,,831,106,,,0,100,,832,106,,,0,100,,835,106,,,0,100,,833,106,,,0,100,,837,106,,,0,100,,834,106,,,0
2019200001,'1bbe38fd-cc46-40bc-a40a-506639991551',902,,838,103,,,0
2019200001,'5e4af7a9-571b-4a0c-a0b1-3b124e00562a',902,,839,103,,,0
2019200001,'fe1884a6-717c-4091-95a3-58069f90c1d5',902,,840,103,,,0
