1000000,'002e9040-347b-4d67-99ad-91f095cd5be5',651,,527,378,,,0,100,,525,378,,,0,100,,530,378,,,0,100,,524,378,,,0,100,,528,378,,,0,100,,532,378,,,0,100,,531,378,,,0,100,,526,378,,,0,100,,529,378,,,0,100,,534,378,,,0,100,,533,378,,,0,100,,535,378,,,0
1000000,'3b3536a6-84e2-41dd-ace2-34555d61bc26',651,,536,378,,,0,100,,547,378,,,0,100,,542,378,,,0,100,,540,378,,,0,100,,543,378,,,0,100,,538,378,,,0,100,,544,378,,,0,100,,545,378,,,0,100,,546,378,,,0,100,,537,378,,,0,100,,541,378,,,0,100,,539,378,,,0
1000000,'6740aa73-5c15-4ada-bae1-0581627d255c',651,,552,378,,,0,100,,557,378,,,0,100,,551,378,,,0,100,,549,378,,,0,100,,553,378,,,0,100,,554,378,,,0,100,,559,378,,,0,100,,555,378,,,0,100,,548,378,,,0,100,,556,378,,,0,100,,560,378,,,0,100,,550,378,,,0,100,,558,378,,,0
1000000,'8b416866-5b6c-451e-b06e-834b3044aa33',651,,573,378,,,0,100,,568,378,,,0,100,,565,378,,,0,100,,563,378,,,0,100,,571,378,,,0,100,,566,378,,,0,100,,567,378,,,0,100,,564,378,,,0,100,,570,378,,,0,100,,562,378,,,0,100,,561,378,,,0,100,,572,378,,,0,100,,569,378,,,0
1019200000,'1bbe38fd-cc46-40bc-a40a-506639991551',951,,798,376,,,0,100,,799,376,,,0,100,,796,376,,,0,100,,793,376,,,0,100,,795,376,,,0,100,,794,376,,,0,100,,797,376,,,0
1019200000,'5e4af7a9-571b-4a0c-a0b1-3b124e00562a',951,,806,376,,,0,100,,801,376,,,0,100,,802,376,,,0,100,,804,376,,,0,100,,805,376,,,0,100,,803,376,,,0,100,,800,376,,,0
1019200000,'fe1884a6-717c-4091-95a3-58069f90c1d5',951,,808,376,,,0,100,,809,376,,,0,100,,810,376,,,0,100,,813,376,,,0,100,,811,376,,,0,100,,812,376,,,0,100,,807,376,,,0
1019200001,'1bbe38fd-cc46-40bc-a40a-506639991551',1656,,814,447,,,0
1019200001,'5e4af7a9-571b-4a0c-a0b1-3b124e00562a',1656,,815,447,,,0
1019200001,'fe1884a6-717c-4091-95a3-58069f90c1d5',1656,,816,447,,,0
