1000000,'002e9040-347b-4d67-99ad-91f095cd5be5',627,,527,259,,,0,100,,525,259,,,0,100,,530,259,,,0,100,,524,259,,,0,100,,528,259,,,0,100,,532,259,,,0,100,,531,259,,,0,100,,526,259,,,0,100,,529,259,,,0,100,,534,259,,,0,100,,533,259,,,0,100,,535,259,,,0
1000000,'3b3536a6-84e2-41dd-ace2-34555d61bc26',627,,536,259,,,0,100,,547,259,,,0,100,,542,259,,,0,100,,540,259,,,0,100,,543,259,,,0,100,,538,259,,,0,100,,544,259,,,0,100,,545,259,,,0,100,,546,259,,,0,100,,537,259,,,0,100,,541,259,,,0,100,,539,259,,,0
1000000,'6740aa73-5c15-4ada-bae1-0581627d255c',627,,552,259,,,0,100,,557,259,,,0,100,,551,259,,,0,100,,549,259,,,0,100,,553,259,,,0,100,,554,259,,,0,100,,559,259,,,0,100,,555,259,,,0,100,,548,259,,,0,100,,556,259,,,0,100,,560,259,,,0,100,,550,259,,,0,100,,558,259,,,0
1000000,'8b416866-5b6c-451e-b06e-834b3044aa33',627,,573,259,,,0,100,,568,259,,,0,100,,565,259,,,0,100,,563,259,,,0,100,,571,259,,,0,100,,566,259,,,0,100,,567,259,,,0,100,,564,259,,,0,100,,570,259,,,0,100,,562,259,,,0,100,,561,259,,,0,100,,572,259,,,0,100,,569,259,,,0
1019200000,'1bbe38fd-cc46-40bc-a40a-506639991551',927,,798,257,,,0,100,,799,257,,,0,100,,796,257,,,0,100,,793,257,,,0,100,,795,257,,,0,100,,794,257,,,0,100,,797,257,,,0
1019200000,'5e4af7a9-571b-4a0c-a0b1-3b124e00562a',927,,806,257,,,0,100,,801,257,,,0,100,,802,257,,,0,100,,804,257,,,0,100,,805,257,,,0,100,,803,257,,,0,100,,800,257,,,0
1019200000,'fe1884a6-717c-4091-95a3-58069f90c1d5',927,,808,257,,,0,100,,809,257,,,0,100,,810,257,,,0,100,,813,257,,,0,100,,811,257,,,0,100,,812,257,,,0,100,,807,257,,,0
1019200001,'1bbe38fd-cc46-40bc-a40a-506639991551',1627,,814,257,,,0
1019200001,'5e4af7a9-571b-4a0c-a0b1-3b124e00562a',1627,,815,257,,,0
1019200001,'fe1884a6-717c-4091-95a3-58069f90c1d5',1627,,816,257,,,0
