2000000,'002e9040-347b-4d67-99ad-91f095cd5be5',632,,579,276,,,0,100,,581,276,,,0,100,,583,276,,,0,100,,580,276,,,0,100,,576,276,,,0,100,,577,276,,,0,100,,575,276,,,0,100,,584,276,,,0,100,,585,276,,,0,100,,578,276,,,0,100,,582,276,,,0,100,,574,276,,,0
2000000,'3b3536a6-84e2-41dd-ace2-34555d61bc26',632,,597,276,,,0,100,,589,276,,,0,100,,593,276,,,0,100,,588,276,,,0,100,,587,276,,,0,100,,596,276,,,0,100,,594,276,,,0,100,,592,276,,,0,100,,595,276,,,0,100,,586,276,,,0,100,,590,276,,,0,100,,591,276,,,0
2000000,'6740aa73-5c15-4ada-bae1-0581627d255c',632,,610,276,,,0,100,,609,276,,,0,100,,605,276,,,0,100,,599,276,,,0,100,,608,276,,,0,100,,602,276,,,0,100,,603,276,,,0,100,,600,276,,,0,100,,598,276,,,0,100,,601,276,,,0,100,,606,276,,,0,100,,604,276,,,0,100,,607,276,,,0
2000000,'8b416866-5b6c-451e-b06e-834b3044aa33',632,,615,276,,,0,100,,623,276,,,0,100,,617,276,,,0,100,,613,276,,,0,100,,616,276,,,0,100,,621,276,,,0,100,,618,276,,,0,100,,612,276,,,0,100,,622,276,,,0,100,,614,276,,,0,100,,619,276,,,0,100,,611,276,,,0,100,,620,276,,,0
2019200000,'1bbe38fd-cc46-40bc-a40a-506639991551',1031,,822,272,,,0,100,,820,272,,,0,100,,821,272,,,0,100,,818,272,,,0,100,,819,272,,,0,100,,817,272,,,0,100,,823,272,,,0
2019200000,'5e4af7a9-571b-4a0c-a0b1-3b124e00562a',1031,,830,272,,,0,100,,825,272,,,0,100,,824,272,,,0,100,,826,272,,,0,100,,827,272,,,0,100,,829,272,,,0,100,,828,272,,,0
2019200000,'fe1884a6-717c-4091-95a3-58069f90c1d5',1031,,836,272,,,0,100,,831,272,,,0,100,,832,272,,,0,100,,835,272,,,0,100,,833,272,,,0,100,,837,272,,,0,100,,834,272,,,0
2019200001,'1bbe38fd-cc46-40bc-a40a-506639991551',931,,838,315,,,0
2019200001,'5e4af7a9-571b-4a0c-a0b1-3b124e00562a',931,,839,315,,,0
2019200001,'fe1884a6-717c-4091-95a3-58069f90c1d5',931,,840,315,,,0
