3000000,'002e9040-347b-4d67-99ad-91f095cd5be5',858,,628,196,,,0,100,,629,196,,,0,100,,624,196,,,0,100,,625,196,,,0,100,,627,196,,,0,100,,626,196,,,0
3000000,'3b3536a6-84e2-41dd-ace2-34555d61bc26',858,,631,196,,,0,100,,633,196,,,0,100,,632,196,,,0,100,,630,196,,,0,100,,635,196,,,0,100,,634,196,,,0
3000000,'6740aa73-5c15-4ada-bae1-0581627d255c',858,,639,196,,,0,100,,636,196,,,0,100,,640,196,,,0,100,,638,196,,,0,100,,641,196,,,0,100,,637,196,,,0
3000000,'8b416866-5b6c-451e-b06e-834b3044aa33',858,,646,196,,,0,100,,642,196,,,0,100,,644,196,,,0,100,,645,196,,,0,100,,647,196,,,0,100,,643,196,,,0
300000100,'002e9040-347b-4d67-99ad-91f095cd5be5',658,,777,206,,,0,100,,778,206,,,0,800,,775,206,,,0,100,,776,206,,,0
300000100,'3b3536a6-84e2-41dd-ace2-34555d61bc26',658,,780,206,,,0,100,,779,206,,,0
300000100,'6740aa73-5c15-4ada-bae1-0581627d255c',658,,784,206,,,0,100,,783,206,,,0,800,,781,206,,,0,100,,782,206,,,0
300000100,'8b416866-5b6c-451e-b06e-834b3044aa33',658,,788,206,,,0,100,,787,206,,,0,800,,786,206,,,0,100,,785,206,,,0
300000101,'002e9040-347b-4d67-99ad-91f095cd5be5',1458,,789,172,,,0
300000101,'3b3536a6-84e2-41dd-ace2-34555d61bc26',1458,,790,172,,,0
300000101,'6740aa73-5c15-4ada-bae1-0581627d255c',1458,,791,172,,,0
300000101,'8b416866-5b6c-451e-b06e-834b3044aa33',1458,,792,172,,,0
1019200001,'1bbe38fd-cc46-40bc-a40a-506639991551',1647,,814,378,,,0
1019200001,'5e4af7a9-571b-4a0c-a0b1-3b124e00562a',1647,,815,378,,,0
1019200001,'fe1884a6-717c-4091-95a3-58069f90c1d5',1647,,816,378,,,0
2019200001,'1bbe38fd-cc46-40bc-a40a-506639991551',904,,838,120,,,0
2019200001,'5e4af7a9-571b-4a0c-a0b1-3b124e00562a',904,,839,120,,,0
2019200001,'fe1884a6-717c-4091-95a3-58069f90c1d5',904,,840,120,,,0
