1000000,'002e9040-347b-4d67-99ad-91f095cd5be5',650,,527,374,,,0,100,,525,374,,,0,100,,530,374,,,0,100,,524,374,,,0,100,,528,374,,,0,100,,532,374,,,0,100,,531,374,,,0,100,,526,374,,,0,100,,529,374,,,0,100,,534,374,,,0,100,,533,374,,,0,100,,535,374,,,0
1000000,'3b3536a6-84e2-41dd-ace2-34555d61bc26',650,,536,374,,,0,100,,547,374,,,0,100,,542,374,,,0,100,,540,374,,,0,100,,543,374,,,0,100,,538,374,,,0,100,,544,374,,,0,100,,545,374,,,0,100,,546,374,,,0,100,,537,374,,,0,100,,541,374,,,0,100,,539,374,,,0
1000000,'6740aa73-5c15-4ada-bae1-0581627d255c',650,,552,374,,,0,100,,557,374,,,0,100,,551,374,,,0,100,,549,374,,,0,100,,553,374,,,0,100,,554,374,,,0,100,,559,374,,,0,100,,555,374,,,0,100,,548,374,,,0,100,,556,374,,,0,100,,560,374,,,0,100,,550,374,,,0,100,,558,374,,,0
1000000,'8b416866-5b6c-451e-b06e-834b3044aa33',650,,573,374,,,0,100,,568,374,,,0,100,,565,374,,,0,100,,563,374,,,0,100,,571,374,,,0,100,,566,374,,,0,100,,567,374,,,0,100,,564,374,,,0,100,,570,374,,,0,100,,562,374,,,0,100,,561,374,,,0,100,,572,374,,,0,100,,569,374,,,0
1019200000,'1bbe38fd-cc46-40bc-a40a-506639991551',950,,798,372,,,0,100,,799,372,,,0,100,,796,372,,,0,100,,793,372,,,0,100,,795,372,,,0,100,,794,372,,,0,100,,797,372,,,0
1019200000,'5e4af7a9-571b-4a0c-a0b1-3b124e00562a',950,,806,372,,,0,100,,801,372,,,0,100,,802,372,,,0,100,,804,372,,,0,100,,805,372,,,0,100,,803,372,,,0,100,,800,372,,,0
1019200000,'fe1884a6-717c-4091-95a3-58069f90c1d5',950,,808,372,,,0,100,,809,372,,,0,100,,810,372,,,0,100,,813,372,,,0,100,,811,372,,,0,100,,812,372,,,0,100,,807,372,,,0
1019200001,'1bbe38fd-cc46-40bc-a40a-506639991551',1655,,814,439,,,0
1019200001,'5e4af7a9-571b-4a0c-a0b1-3b124e00562a',1655,,815,439,,,0
1019200001,'fe1884a6-717c-4091-95a3-58069f90c1d5',1655,,816,439,,,0
