2000000,'002e9040-347b-4d67-99ad-91f095cd5be5',611,,579,121,,,0,100,,581,121,,,0,100,,583,121,,,0,100,,580,121,,,0,100,,576,121,,,0,100,,577,121,,,0,100,,575,121,,,0,100,,584,121,,,0,100,,585,121,,,0,100,,578,121,,,0,100,,582,121,,,0,100,,574,121,,,0
2000000,'3b3536a6-84e2-41dd-ace2-34555d61bc26',611,,597,121,,,0,100,,589,121,,,0,100,,593,121,,,0,100,,588,121,,,0,100,,587,121,,,0,100,,596,121,,,0,100,,594,121,,,0,100,,592,121,,,0,100,,595,121,,,0,100,,586,121,,,0,100,,590,121,,,0,100,,591,121,,,0
2000000,'6740aa73-5c15-4ada-bae1-0581627d255c',611,,610,121,,,0,100,,609,121,,,0,100,,605,121,,,0,100,,599,121,,,0,100,,608,121,,,0,100,,602,121,,,0,100,,603,121,,,0,100,,600,121,,,0,100,,598,121,,,0,100,,601,121,,,0,100,,606,121,,,0,100,,604,121,,,0,100,,607,121,,,0
2000000,'8b416866-5b6c-451e-b06e-834b3044aa33',611,,615,121,,,0,100,,623,121,,,0,100,,617,121,,,0,100,,613,121,,,0,100,,616,121,,,0,100,,621,121,,,0,100,,618,121,,,0,100,,612,121,,,0,100,,622,121,,,0,100,,614,121,,,0,100,,619,121,,,0,100,,611,121,,,0,100,,620,121,,,0
2019200000,'1bbe38fd-cc46-40bc-a40a-506639991551',1011,,822,119,,,0,100,,820,119,,,0,100,,821,119,,,0,100,,818,119,,,0,100,,819,119,,,0,100,,817,119,,,0,100,,823,119,,,0
2019200000,'5e4af7a9-571b-4a0c-a0b1-3b124e00562a',1011,,830,119,,,0,100,,825,119,,,0,100,,824,119,,,0,100,,826,119,,,0,100,,827,119,,,0,100,,829,119,,,0,100,,828,119,,,0
2019200000,'fe1884a6-717c-4091-95a3-58069f90c1d5',1011,,836,119,,,0,100,,831,119,,,0,100,,832,119,,,0,100,,835,119,,,0,100,,833,119,,,0,100,,837,119,,,0,100,,834,119,,,0
2019200001,'1bbe38fd-cc46-40bc-a40a-506639991551',912,,838,176,,,0
2019200001,'5e4af7a9-571b-4a0c-a0b1-3b124e00562a',912,,839,176,,,0
2019200001,'fe1884a6-717c-4091-95a3-58069f90c1d5',912,,840,176,,,0
