2000000,'002e9040-347b-4d67-99ad-91f095cd5be5',642,,579,338,,,0,100,,581,338,,,0,100,,583,338,,,0,100,,580,338,,,0,100,,576,338,,,0,100,,577,338,,,0,100,,575,338,,,0,100,,584,338,,,0,100,,585,338,,,0,100,,578,338,,,0,100,,582,338,,,0,100,,574,338,,,0
2000000,'3b3536a6-84e2-41dd-ace2-34555d61bc26',642,,597,338,,,0,100,,589,338,,,0,100,,593,338,,,0,100,,588,338,,,0,100,,587,338,,,0,100,,596,338,,,0,100,,594,338,,,0,100,,592,338,,,0,100,,595,338,,,0,100,,586,338,,,0,100,,590,338,,,0,100,,591,338,,,0
2000000,'6740aa73-5c15-4ada-bae1-0581627d255c',642,,610,338,,,0,100,,609,338,,,0,100,,605,338,,,0,100,,599,338,,,0,100,,608,338,,,0,100,,602,338,,,0,100,,603,338,,,0,100,,600,338,,,0,100,,598,338,,,0,100,,601,338,,,0,100,,606,338,,,0,100,,604,338,,,0,100,,607,338,,,0
2000000,'8b416866-5b6c-451e-b06e-834b3044aa33',642,,615,338,,,0,100,,623,338,,,0,100,,617,338,,,0,100,,613,338,,,0,100,,616,338,,,0,100,,621,338,,,0,100,,618,338,,,0,100,,612,338,,,0,100,,622,338,,,0,100,,614,338,,,0,100,,619,338,,,0,100,,611,338,,,0,100,,620,338,,,0
2019200000,'1bbe38fd-cc46-40bc-a40a-506639991551',1042,,822,333,,,0,100,,820,333,,,0,100,,821,333,,,0,100,,818,333,,,0,100,,819,333,,,0,100,,817,333,,,0,100,,823,333,,,0
2019200000,'5e4af7a9-571b-4a0c-a0b1-3b124e00562a',1042,,830,333,,,0,100,,825,333,,,0,100,,824,333,,,0,100,,826,333,,,0,100,,827,333,,,0,100,,829,333,,,0,100,,828,333,,,0
2019200000,'fe1884a6-717c-4091-95a3-58069f90c1d5',1042,,836,333,,,0,100,,831,333,,,0,100,,832,333,,,0,100,,835,333,,,0,100,,833,333,,,0,100,,837,333,,,0,100,,834,333,,,0
2019200001,'1bbe38fd-cc46-40bc-a40a-506639991551',942,,838,368,,,0
2019200001,'5e4af7a9-571b-4a0c-a0b1-3b124e00562a',942,,839,368,,,0
2019200001,'fe1884a6-717c-4091-95a3-58069f90c1d5',942,,840,368,,,0
