2000000,'002e9040-347b-4d67-99ad-91f095cd5be5',554,,579,57,,,0,100,,581,57,,,0,100,,583,57,,,0,100,,580,57,,,0,100,,576,57,,,0,100,,577,57,,,0,100,,575,57,,,0,100,,584,57,,,0,100,,585,57,,,0,100,,578,57,,,0,100,,582,57,,,0,100,,574,57,,,0
2000000,'3b3536a6-84e2-41dd-ace2-34555d61bc26',554,,597,57,,,0,100,,589,57,,,0,100,,593,57,,,0,100,,588,57,,,0,100,,587,57,,,0,100,,596,57,,,0,100,,594,57,,,0,100,,592,57,,,0,100,,595,57,,,0,100,,586,57,,,0,100,,590,57,,,0,100,,591,57,,,0
2000000,'6740aa73-5c15-4ada-bae1-0581627d255c',554,,610,57,,,0,100,,609,57,,,0,100,,605,57,,,0,100,,599,57,,,0,100,,608,57,,,0,100,,602,57,,,0,100,,603,57,,,0,100,,600,57,,,0,100,,598,57,,,0,100,,601,57,,,0,100,,606,57,,,0,100,,604,57,,,0,100,,607,57,,,0
2000000,'8b416866-5b6c-451e-b06e-834b3044aa33',554,,615,57,,,0,100,,623,57,,,0,100,,617,57,,,0,100,,613,57,,,0,100,,616,57,,,0,100,,621,57,,,0,100,,618,57,,,0,100,,612,57,,,0,100,,622,57,,,0,100,,614,57,,,0,100,,619,57,,,0,100,,611,57,,,0,100,,620,57,,,0
2019200000,'1bbe38fd-cc46-40bc-a40a-506639991551',954,,822,55,,,0,100,,820,55,,,0,100,,821,55,,,0,100,,818,55,,,0,100,,819,55,,,0,100,,817,55,,,0,100,,823,55,,,0
2019200000,'5e4af7a9-571b-4a0c-a0b1-3b124e00562a',954,,830,55,,,0,100,,825,55,,,0,100,,824,55,,,0,100,,826,55,,,0,100,,827,55,,,0,100,,829,55,,,0,100,,828,55,,,0
2019200000,'fe1884a6-717c-4091-95a3-58069f90c1d5',954,,836,55,,,0,100,,831,55,,,0,100,,832,55,,,0,100,,835,55,,,0,100,,833,55,,,0,100,,837,55,,,0,100,,834,55,,,0
2019200001,'1bbe38fd-cc46-40bc-a40a-506639991551',854,,838,53,,,0
2019200001,'5e4af7a9-571b-4a0c-a0b1-3b124e00562a',854,,839,53,,,0
2019200001,'fe1884a6-717c-4091-95a3-58069f90c1d5',854,,840,53,,,0
