100,103,1,0,0
100,27,2,1,1
101,27,1,0,0
101,103,2,1,1
200,27,1,0,0
200,102,2,1,1
201,102,1,0,0
201,27,2,1,1
1000000,35,1,0,0
1000000,1,2,0,0
1000000,2,3,0,0
1000000,83,4,0,0
1000000,3,5,0,0
1000000,4,6,0,0
1000000,5,7,0,0
1000000,6,8,0,0
1000000,100,9,0,0
1000000,99,10,0,0
1000000,108,11,0,0
1000000,7,12,0,0
1000000,58,13,0,0
1000000,50,14,0,0
1000000,10,15,0,0
1000000,11,16,0,0
1000000,12,17,0,0
1000000,13,18,0,0
1000000,46,19,0,0
1000000,14,20,0,0
1000000,15,21,0,0
1000000,16,22,0,0
1000000,105,23,0,0
1000000,85,24,0,0
1000000,17,25,0,0
1000000,18,26,0,0
1000000,19,27,0,0
1000000,20,28,0,0
1000000,21,29,0,0
1000000,22,30,0,0
1000000,79,31,0,0
1000000,78,32,0,0
1000000,23,33,0,0
1000000,25,34,0,0
1000000,26,35,0,0
1000000,27,36,0,0
1000000,28,37,0,0
1000000,29,38,0,0
1000000,30,39,0,0
1000000,31,40,0,0
1000000,86,41,0,0
1000000,32,42,0,0
1000000,33,43,0,0
1000000,81,44,0,0
1000000,82,45,0,0
1000000,34,46,0,0
2000000,35,1,0,0
2000000,99,2,0,0
2000000,108,3,0,0
2000000,95,4,0,0
2000000,52,5,0,0
2000000,53,6,0,0
2000000,54,7,0,0
2000000,55,8,0,0
2000000,56,9,0,0
2000000,57,10,0,0
2000000,66,11,0,0
2000000,36,12,0,0
2000000,64,13,0,0
2000000,38,14,0,0
2000000,39,15,0,0
2000000,40,16,0,0
2000000,41,17,0,0
2000000,96,18,0,0
2000000,42,19,0,0
2000000,87,20,0,0
2000000,90,21,0,0
2000000,28,22,0,0
2000000,26,23,0,0
2000000,27,24,0,0
2000000,25,25,0,0
2000000,24,26,0,0
2000000,23,27,0,0
2000000,77,28,0,0
2000000,80,29,0,0
2000000,22,30,0,0
2000000,20,31,0,0
2000000,19,32,0,0
2000000,18,33,0,0
2000000,44,34,0,0
2000000,111,35,0,0
2000000,45,36,0,0
2000000,46,37,0,0
2000000,14,38,0,0
2000000,47,39,0,0
2000000,48,40,0,0
2000000,107,41,0,0
2000000,10,42,0,0
2000000,11,43,0,0
2000000,49,44,0,0
2000000,9,45,0,0
2000000,62,46,0,0
3000000,14,1,0,0
3000000,59,2,0,0
3000000,61,3,0,0
3000000,4,4,0,0
3000000,5,5,0,0
3000000,6,6,0,0
3000000,91,7,0,0
3000000,99,8,0,0
3000000,108,9,0,0
3000000,62,10,0,0
3000000,35,11,0,0
3000000,63,12,0,0
3000000,60,13,0,0
3000000,68,14,0,0
3000000,55,15,0,0
3000000,109,16,0,0
3000000,66,17,0,0
3000000,74,18,0,0
3000000,39,19,0,0
3000000,40,20,0,0
3000000,69,21,0,0
3000000,70,22,0,0
3000000,71,23,0,0
3000000,27,24,0,0
3000000,72,25,0,0
3000000,34,26,0,0
3000000,58,27,0,0
3000000,101,28,0,0
3000000,13,29,0,0
3000000,46,30,0,0
32000100,112,1,0,0
32000100,123,2,0,0
32000100,125,3,0,0
32000100,127,4,0,0
32000100,148,5,0,0
32000100,135,6,0,0
32000100,103,7,1,1
32000101,103,1,0,0
32000101,135,2,0,0
32000101,148,3,0,0
32000101,124,4,0,0
32000101,137,5,0,0
32000101,125,6,0,0
32000101,129,7,0,0
32000101,128,8,0,0
32000101,113,9,0,0
32000101,141,10,0,0
32000101,147,11,0,0
32000101,115,12,0,0
32000101,116,13,0,0
32000101,117,14,0,0
32000101,118,15,0,0
32000101,119,16,0,0
32000101,121,17,0,0
32000101,122,18,0,0
32000101,112,19,1,1
32000200,103,1,0,0
32000200,135,2,0,0
32000200,148,3,0,0
32000200,124,4,0,0
32000200,127,5,0,0
32000200,149,6,0,0
32000200,142,7,0,0
32000200,151,8,0,0
32000200,144,9,0,0
32000200,150,10,0,0
32000200,146,11,0,0
32000200,145,12,1,1
32000201,145,1,0,0
32000201,138,2,0,0
32000201,139,3,0,0
32000201,130,4,0,0
32000201,131,5,0,0
32000201,140,6,0,0
32000201,149,7,0,0
32000201,124,8,0,0
32000201,127,9,0,0
32000201,148,10,0,0
32000201,135,11,0,0
32000201,103,12,1,1
32000300,112,1,0,0
32000300,123,2,0,0
32000300,125,3,0,0
32000300,136,4,0,0
32000300,124,5,0,0
32000300,137,6,0,0
32000300,128,7,0,0
32000300,113,8,0,0
32000300,141,9,0,0
32000300,114,10,0,0
32000300,147,11,0,0
32000300,143,12,0,0
32000300,115,13,0,0
32000300,116,14,0,0
32000300,117,15,0,0
32000300,121,16,0,0
32000300,122,17,0,0
300000100,14,1,0,0
300000100,59,2,0,0
300000100,61,3,0,0
300000100,4,4,0,0
300000100,5,5,0,0
300000100,6,6,0,0
300000100,99,7,0,0
300000100,62,8,0,0
300000100,35,9,0,0
300000100,63,10,0,0
300000100,60,11,0,0
300000100,88,12,0,0
300000100,75,13,0,0
300000100,73,14,0,0
300000100,66,15,0,0
300000100,67,16,0,0
300000100,40,17,0,0
300000100,69,18,0,0
300000100,70,19,0,0
300000100,71,20,0,0
300000100,27,21,0,0
300000100,72,22,0,0
300000100,34,23,0,0
300000100,98,24,0,0
300000100,58,25,0,0
300000100,101,26,0,0
300000100,13,27,0,0
300000100,46,28,0,0
300000101,14,1,0,0
300000101,59,2,0,0
300000101,61,3,0,0
300000101,4,4,0,0
300000101,5,5,0,0
300000101,6,6,0,0
300000101,99,7,0,0
300000101,62,8,0,0
300000101,35,9,0,0
300000101,63,10,0,0
300000101,60,11,0,0
300000101,67,12,0,0
300000101,40,13,0,0
300000101,69,14,0,0
300000101,70,15,0,0
300000101,71,16,0,0
300000101,27,17,0,0
300000101,72,18,0,0
300000101,34,19,0,0
300000101,98,20,0,0
300000101,58,21,0,0
300000101,101,22,0,0
300000101,76,23,0,0
1019200000,35,1,0,0
1019200000,1,2,0,0
1019200000,2,3,0,0
1019200000,83,4,0,0
1019200000,3,5,0,0
1019200000,4,6,0,0
1019200000,5,7,0,0
1019200000,6,8,0,0
1019200000,99,9,0,0
1019200000,7,10,0,0
1019200000,58,11,0,0
1019200000,50,12,0,0
1019200000,10,13,0,0
1019200000,11,14,0,0
1019200000,12,15,0,0
1019200000,13,16,0,0
1019200000,46,17,0,0
1019200000,14,18,0,0
1019200000,15,19,0,0
1019200000,16,20,0,0
1019200000,85,21,0,0
1019200000,17,22,0,0
1019200000,18,23,0,0
1019200000,19,24,0,0
1019200000,20,25,0,0
1019200000,21,26,0,0
1019200000,22,27,0,0
1019200000,79,28,0,0
1019200000,78,29,0,0
1019200000,23,30,0,0
1019200000,25,31,0,0
1019200000,26,32,0,0
1019200000,27,33,0,0
1019200000,28,34,0,0
1019200000,29,35,0,0
1019200000,30,36,0,0
1019200000,31,37,0,0
1019200000,86,38,0,0
1019200000,32,39,0,0
1019200000,33,40,0,0
1019200000,81,41,0,0
1019200000,82,42,0,0
1019200000,34,43,0,0
1019200001,35,1,0,0
1019200001,1,2,0,0
1019200001,2,3,0,0
1019200001,83,4,0,0
1019200001,3,5,0,0
1019200001,4,6,0,0
1019200001,5,7,0,0
1019200001,6,8,0,0
1019200001,99,9,0,0
1019200001,7,10,0,0
1019200001,58,11,0,0
1019200001,50,12,0,0
1019200001,10,13,0,0
1019200001,11,14,0,0
1019200001,12,15,0,0
1019200001,13,16,0,0
1019200001,46,17,0,0
1019200001,14,18,0,0
1019200001,15,19,0,0
1019200001,16,20,0,0
1019200001,85,21,0,0
1019200001,17,22,0,0
1019200001,18,23,0,0
1019200001,19,24,0,0
1019200001,20,25,0,0
1019200001,21,26,0,0
1019200001,22,27,0,0
1019200001,79,28,0,0
1019200001,78,29,0,0
1019200001,23,30,0,0
1019200001,25,31,0,0
1019200001,26,32,0,0
1019200001,27,33,0,0
1019200001,28,34,0,0
1019200001,29,35,0,0
1019200001,30,36,0,0
1019200001,69,37,0,0
1019200001,70,38,0,0
1019200001,63,39,0,0
1019200001,31,40,0,0
1019200001,86,41,0,0
1019200001,32,42,0,0
1019200001,33,43,0,0
1019200001,81,44,0,0
1019200001,82,45,0,0
1019200001,34,46,0,0
2019200000,35,1,0,0
2019200000,99,2,0,0
2019200000,95,3,0,0
2019200000,52,4,0,0
2019200000,53,5,0,0
2019200000,54,6,0,0
2019200000,55,7,0,0
2019200000,56,8,0,0
2019200000,57,9,0,0
2019200000,66,10,0,0
2019200000,36,11,0,0
2019200000,64,12,0,0
2019200000,38,13,0,0
2019200000,39,14,0,0
2019200000,40,15,0,0
2019200000,41,16,0,0
2019200000,96,17,0,0
2019200000,42,18,0,0
2019200000,87,19,0,0
2019200000,90,20,0,0
2019200000,28,21,0,0
2019200000,26,22,0,0
2019200000,27,23,0,0
2019200000,25,24,0,0
2019200000,24,25,0,0
2019200000,23,26,0,0
2019200000,77,27,0,0
2019200000,80,28,0,0
2019200000,22,29,0,0
2019200000,20,30,0,0
2019200000,19,31,0,0
2019200000,18,32,0,0
2019200000,45,33,0,0
2019200000,46,34,0,0
2019200000,14,35,0,0
2019200000,47,36,0,0
2019200000,48,37,0,0
2019200000,10,38,0,0
2019200000,11,39,0,0
2019200000,49,40,0,0
2019200000,9,41,0,0
2019200000,62,42,0,0
2019200001,35,1,0,0
2019200001,99,2,0,0
2019200001,52,3,0,0
2019200001,53,4,0,0
2019200001,54,5,0,0
2019200001,55,6,0,0
2019200001,56,7,0,0
2019200001,57,8,0,0
2019200001,66,9,0,0
2019200001,36,10,0,0
2019200001,64,11,0,0
2019200001,38,12,0,0
2019200001,39,13,0,0
2019200001,40,14,0,0
2019200001,41,15,0,0
2019200001,42,16,0,0
2019200001,69,17,0,0
2019200001,70,18,0,0
2019200001,87,19,0,0
2019200001,90,20,0,0
2019200001,28,21,0,0
2019200001,26,22,0,0
2019200001,27,23,0,0
2019200001,25,24,0,0
2019200001,24,25,0,0
2019200001,23,26,0,0
2019200001,77,27,0,0
2019200001,80,28,0,0
2019200001,22,29,0,0
2019200001,20,30,0,0
2019200001,19,31,0,0
2019200001,18,32,0,0
2019200001,44,33,0,0
2019200001,45,34,0,0
2019200001,46,35,0,0
2019200001,14,36,0,0
2019200001,47,37,0,0
2019200001,48,38,0,0
2019200001,10,39,0,0
2019200001,11,40,0,0
2019200001,49,41,0,0
2019200001,9,42,0,0
2019200001,62,43,0,0
320121400000,143,1,0,0
320121400000,115,2,0,0
320121400000,116,3,0,0
320121400000,117,4,0,0
320121400000,121,5,0,0
320121400000,122,6,0,0
320121400000,112,7,0,0
320121400000,123,8,0,0
320121400000,125,9,0,0
320121400000,136,10,0,0
320121400000,127,11,0,0
320121400000,149,12,0,0
320121400000,142,13,0,0
320121400000,151,14,0,0
320121400000,144,15,0,0
320121400000,150,16,0,0
320121400000,146,17,0,0
320121400000,145,18,1,1
320121400001,143,1,0,0
320121400001,115,2,0,0
320121400001,116,3,0,0
320121400001,117,4,0,0
320121400001,121,5,0,0
320121400001,122,6,0,0
320121400001,112,7,0,0
320121400001,123,8,0,0
320121400001,125,9,0,0
320121400001,136,10,0,0
320121400001,127,11,0,0
320121400001,148,12,0,0
320121400001,135,13,0,0
320121400001,103,14,1,1
