1000000,'002e9040-347b-4d67-99ad-91f095cd5be5',611,,527,145,,,0,100,,525,145,,,0,100,,530,145,,,0,100,,524,145,,,0,100,,528,145,,,0,100,,532,145,,,0,100,,531,145,,,0,100,,526,145,,,0,100,,529,145,,,0,100,,534,145,,,0,100,,533,145,,,0,100,,535,145,,,0
1000000,'3b3536a6-84e2-41dd-ace2-34555d61bc26',611,,536,145,,,0,100,,547,145,,,0,100,,542,145,,,0,100,,540,145,,,0,100,,543,145,,,0,100,,538,145,,,0,100,,544,145,,,0,100,,545,145,,,0,100,,546,145,,,0,100,,537,145,,,0,100,,541,145,,,0,100,,539,145,,,0
1000000,'6740aa73-5c15-4ada-bae1-0581627d255c',611,,552,145,,,0,100,,557,145,,,0,100,,551,145,,,0,100,,549,145,,,0,100,,553,145,,,0,100,,554,145,,,0,100,,559,145,,,0,100,,555,145,,,0,100,,548,145,,,0,100,,556,145,,,0,100,,560,145,,,0,100,,550,145,,,0,100,,558,145,,,0
1000000,'8b416866-5b6c-451e-b06e-834b3044aa33',611,,573,145,,,0,100,,568,145,,,0,100,,565,145,,,0,100,,563,145,,,0,100,,571,145,,,0,100,,566,145,,,0,100,,567,145,,,0,100,,564,145,,,0,100,,570,145,,,0,100,,562,145,,,0,100,,561,145,,,0,100,,572,145,,,0,100,,569,145,,,0
1019200000,'1bbe38fd-cc46-40bc-a40a-506639991551',911,,798,144,,,0,100,,799,144,,,0,100,,796,144,,,0,100,,793,144,,,0,100,,795,144,,,0,100,,794,144,,,0,100,,797,144,,,0
1019200000,'5e4af7a9-571b-4a0c-a0b1-3b124e00562a',911,,806,144,,,0,100,,801,144,,,0,100,,802,144,,,0,100,,804,144,,,0,100,,805,144,,,0,100,,803,144,,,0,100,,800,144,,,0
1019200000,'fe1884a6-717c-4091-95a3-58069f90c1d5',911,,808,144,,,0,100,,809,144,,,0,100,,810,144,,,0,100,,813,144,,,0,100,,811,144,,,0,100,,812,144,,,0,100,,807,144,,,0
1019200001,'1bbe38fd-cc46-40bc-a40a-506639991551',1611,,814,144,,,0
1019200001,'5e4af7a9-571b-4a0c-a0b1-3b124e00562a',1611,,815,144,,,0
1019200001,'fe1884a6-717c-4091-95a3-58069f90c1d5',1611,,816,144,,,0
