3000000,'002e9040-347b-4d67-99ad-91f095cd5be5',847,,628,144,,,0,100,,629,144,,,0,100,,624,144,,,0,100,,625,144,,,0,100,,627,144,,,0,100,,626,144,,,0
3000000,'3b3536a6-84e2-41dd-ace2-34555d61bc26',847,,631,144,,,0,100,,633,144,,,0,100,,632,144,,,0,100,,630,144,,,0,100,,635,144,,,0,100,,634,144,,,0
3000000,'6740aa73-5c15-4ada-bae1-0581627d255c',847,,639,144,,,0,100,,636,144,,,0,100,,640,144,,,0,100,,638,144,,,0,100,,641,144,,,0,100,,637,144,,,0
3000000,'8b416866-5b6c-451e-b06e-834b3044aa33',847,,646,144,,,0,100,,642,144,,,0,100,,644,144,,,0,100,,645,144,,,0,100,,647,144,,,0,100,,643,144,,,0
300000100,'002e9040-347b-4d67-99ad-91f095cd5be5',646,,777,144,,,0,100,,778,144,,,0,800,,775,144,,,0,100,,776,144,,,0
300000100,'3b3536a6-84e2-41dd-ace2-34555d61bc26',646,,780,144,,,0,100,,779,144,,,0
300000100,'6740aa73-5c15-4ada-bae1-0581627d255c',646,,784,144,,,0,100,,783,144,,,0,800,,781,144,,,0,100,,782,144,,,0
300000100,'8b416866-5b6c-451e-b06e-834b3044aa33',646,,788,144,,,0,100,,787,144,,,0,800,,786,144,,,0,100,,785,144,,,0
300000101,'002e9040-347b-4d67-99ad-91f095cd5be5',1447,,789,143,,,0
300000101,'3b3536a6-84e2-41dd-ace2-34555d61bc26',1447,,790,143,,,0
300000101,'6740aa73-5c15-4ada-bae1-0581627d255c',1447,,791,143,,,0
300000101,'8b416866-5b6c-451e-b06e-834b3044aa33',1447,,792,143,,,0
1019200001,'1bbe38fd-cc46-40bc-a40a-506639991551',1654,,814,432,,,0
1019200001,'5e4af7a9-571b-4a0c-a0b1-3b124e00562a',1654,,815,432,,,0
1019200001,'fe1884a6-717c-4091-95a3-58069f90c1d5',1654,,816,432,,,0
