1000000,'002e9040-347b-4d67-99ad-91f095cd5be5',615,,527,171,,,0,100,,525,171,,,0,100,,530,171,,,0,100,,524,171,,,0,100,,528,171,,,0,100,,532,171,,,0,100,,531,171,,,0,100,,526,171,,,0,100,,529,171,,,0,100,,534,171,,,0,100,,533,171,,,0,100,,535,171,,,0
1000000,'3b3536a6-84e2-41dd-ace2-34555d61bc26',615,,536,171,,,0,100,,547,171,,,0,100,,542,171,,,0,100,,540,171,,,0,100,,543,171,,,0,100,,538,171,,,0,100,,544,171,,,0,100,,545,171,,,0,100,,546,171,,,0,100,,537,171,,,0,100,,541,171,,,0,100,,539,171,,,0
1000000,'6740aa73-5c15-4ada-bae1-0581627d255c',615,,552,171,,,0,100,,557,171,,,0,100,,551,171,,,0,100,,549,171,,,0,100,,553,171,,,0,100,,554,171,,,0,100,,559,171,,,0,100,,555,171,,,0,100,,548,171,,,0,100,,556,171,,,0,100,,560,171,,,0,100,,550,171,,,0,100,,558,171,,,0
1000000,'8b416866-5b6c-451e-b06e-834b3044aa33',615,,573,171,,,0,100,,568,171,,,0,100,,565,171,,,0,100,,563,171,,,0,100,,571,171,,,0,100,,566,171,,,0,100,,567,171,,,0,100,,564,171,,,0,100,,570,171,,,0,100,,562,171,,,0,100,,561,171,,,0,100,,572,171,,,0,100,,569,171,,,0
2000000,'002e9040-347b-4d67-99ad-91f095cd5be5',640,,579,329,,,0,100,,581,329,,,0,100,,583,329,,,0,100,,580,329,,,0,100,,576,329,,,0,100,,577,329,,,0,100,,575,329,,,0,100,,584,329,,,0,100,,585,329,,,0,100,,578,329,,,0,100,,582,329,,,0,100,,574,329,,,0
2000000,'3b3536a6-84e2-41dd-ace2-34555d61bc26',640,,597,329,,,0,100,,589,329,,,0,100,,593,329,,,0,100,,588,329,,,0,100,,587,329,,,0,100,,596,329,,,0,100,,594,329,,,0,100,,592,329,,,0,100,,595,329,,,0,100,,586,329,,,0,100,,590,329,,,0,100,,591,329,,,0
2000000,'6740aa73-5c15-4ada-bae1-0581627d255c',640,,610,329,,,0,100,,609,329,,,0,100,,605,329,,,0,100,,599,329,,,0,100,,608,329,,,0,100,,602,329,,,0,100,,603,329,,,0,100,,600,329,,,0,100,,598,329,,,0,100,,601,329,,,0,100,,606,329,,,0,100,,604,329,,,0,100,,607,329,,,0
2000000,'8b416866-5b6c-451e-b06e-834b3044aa33',640,,615,329,,,0,100,,623,329,,,0,100,,617,329,,,0,100,,613,329,,,0,100,,616,329,,,0,100,,621,329,,,0,100,,618,329,,,0,100,,612,329,,,0,100,,622,329,,,0,100,,614,329,,,0,100,,619,329,,,0,100,,611,329,,,0,100,,620,329,,,0
1019200000,'1bbe38fd-cc46-40bc-a40a-506639991551',915,,798,170,,,0,100,,799,170,,,0,100,,796,170,,,0,100,,793,170,,,0,100,,795,170,,,0,100,,794,170,,,0,100,,797,170,,,0
1019200000,'5e4af7a9-571b-4a0c-a0b1-3b124e00562a',915,,806,170,,,0,100,,801,170,,,0,100,,802,170,,,0,100,,804,170,,,0,100,,805,170,,,0,100,,803,170,,,0,100,,800,170,,,0
1019200000,'fe1884a6-717c-4091-95a3-58069f90c1d5',915,,808,170,,,0,100,,809,170,,,0,100,,810,170,,,0,100,,813,170,,,0,100,,811,170,,,0,100,,812,170,,,0,100,,807,170,,,0
1019200001,'1bbe38fd-cc46-40bc-a40a-506639991551',1615,,814,170,,,0
1019200001,'5e4af7a9-571b-4a0c-a0b1-3b124e00562a',1615,,815,170,,,0
1019200001,'fe1884a6-717c-4091-95a3-58069f90c1d5',1615,,816,170,,,0
2019200000,'1bbe38fd-cc46-40bc-a40a-506639991551',1040,,822,324,,,0,100,,820,324,,,0,100,,821,324,,,0,100,,818,324,,,0,100,,819,324,,,0,100,,817,324,,,0,100,,823,324,,,0
2019200000,'5e4af7a9-571b-4a0c-a0b1-3b124e00562a',1040,,830,324,,,0,100,,825,324,,,0,100,,824,324,,,0,100,,826,324,,,0,100,,827,324,,,0,100,,829,324,,,0,100,,828,324,,,0
2019200000,'fe1884a6-717c-4091-95a3-58069f90c1d5',1040,,836,324,,,0,100,,831,324,,,0,100,,832,324,,,0,100,,835,324,,,0,100,,833,324,,,0,100,,837,324,,,0,100,,834,324,,,0
2019200001,'1bbe38fd-cc46-40bc-a40a-506639991551',940,,838,361,,,0
2019200001,'5e4af7a9-571b-4a0c-a0b1-3b124e00562a',940,,839,361,,,0
2019200001,'fe1884a6-717c-4091-95a3-58069f90c1d5',940,,840,361,,,0
