100,'002e9040-347b-4d67-99ad-91f095cd5be5',550,,425,0,,,0
100,'6740aa73-5c15-4ada-bae1-0581627d255c',550,,426,0,,,0
100,'8b416866-5b6c-451e-b06e-834b3044aa33',550,,427,0,,,0
101,'002e9040-347b-4d67-99ad-91f095cd5be5',530,,428,89,4,,0
101,'3b3536a6-84e2-41dd-ace2-34555d61bc26',530,,429,89,4,,0
101,'6740aa73-5c15-4ada-bae1-0581627d255c',530,,430,89,4,,0
101,'8b416866-5b6c-451e-b06e-834b3044aa33',530,,431,89,4,,0
32000100,'002e9040-347b-4d67-99ad-91f095cd5be5',725,,650,217,4,,0,199,,648,217,4,,0,230,,649,217,4,,0,370,,651,217,4,,0,200,,652,217,4,,0
32000100,'3b3536a6-84e2-41dd-ace2-34555d61bc26',725,,654,217,4,,0,200,,657,217,4,,0,230,,656,217,4,,0,370,,655,217,4,,0,200,,658,217,4,,0,230,,653,217,4,,0
32000100,'6740aa73-5c15-4ada-bae1-0581627d255c',725,,662,217,4,,0,200,,660,217,4,,0,230,,659,217,4,,0,370,,664,217,4,,0,199,,663,217,4,,0,231,,661,217,4,,0
32000100,'8b416866-5b6c-451e-b06e-834b3044aa33',725,,667,217,4,,0,200,,665,217,4,,0,230,,670,217,4,,0,370,,669,217,4,,0,199,,668,217,4,,0,231,,666,217,4,,0
32000101,'002e9040-347b-4d67-99ad-91f095cd5be5',535,,674,0,,,0,200,,673,0,,,0,270,,672,0,,,0,530,,671,0,,,0
32000101,'3b3536a6-84e2-41dd-ace2-34555d61bc26',535,,675,0,,,0,200,,676,0,,,0,270,,679,0,,,0,330,,678,0,,,0,200,,680,0,,,0,270,,677,0,,,0
32000101,'6740aa73-5c15-4ada-bae1-0581627d255c',535,,682,0,,,0,200,,681,0,,,0,270,,684,0,,,0,330,,683,0,,,0,200,,685,0,,,0,270,,686,0,,,0
32000101,'8b416866-5b6c-451e-b06e-834b3044aa33',535,,688,0,,,0,200,,690,0,,,0,270,,687,0,,,0,330,,692,0,,,0,200,,689,0,,,0,270,,691,0,,,0
32000200,'1bbe38fd-cc46-40bc-a40a-506639991551',1101,,693,0,,,0,146,,694,0,,,0,256,,696,0,,,0,146,,697,0,,,0,186,,698,0,,,0,186,,695,0,,,0
32000200,'6740aa73-5c15-4ada-bae1-0581627d255c',1835,,700,0,,,0,186,,699,0,,,0
32000200,'8b416866-5b6c-451e-b06e-834b3044aa33',1835,,701,0,,,0,186,,702,0,,,0
32000200,'e187c9ec-e33a-4154-a7ac-3c7006c93e65',1101,,703,0,,,0,146,,704,0,,,0
32000200,'fe1884a6-717c-4091-95a3-58069f90c1d5',1101,,707,0,,,0,146,,706,0,,,0,256,,709,0,,,0,146,,708,0,,,0,186,,710,0,,,0,186,,705,0,,,0
32000201,'1bbe38fd-cc46-40bc-a40a-506639991551',1101,44,712,259,4,,0,146,4,717,259,4,,0,256,70,711,259,4,,0,145,3,714,259,4,,0,186,3,713,259,4,,0,186,3,716,259,4,,0,185,,715,259,4,,0
32000201,'6740aa73-5c15-4ada-bae1-0581627d255c',1835,4,718,259,4,,0,186,4,719,259,4,,0,184,,720,259,4,,0
32000201,'8b416866-5b6c-451e-b06e-834b3044aa33',1835,4,721,259,4,,0,186,4,722,259,4,,0,184,,723,259,4,,0
32000201,'e187c9ec-e33a-4154-a7ac-3c7006c93e65',1101,44,725,259,4,,0,146,4,726,259,4,,0,186,,724,259,4,,0
32000201,'fe1884a6-717c-4091-95a3-58069f90c1d5',1101,44,728,259,4,,0,146,4,733,259,4,,0,256,70,729,259,4,,0,145,3,727,259,4,,0,186,3,731,259,4,,0,186,3,730,259,4,,0,185,,732,259,4,,0
320121400001,'1bbe38fd-cc46-40bc-a40a-506639991551',2349,,847,259,4,,0
320121400001,'8b416866-5b6c-451e-b06e-834b3044aa33',2349,,850,259,4,,0
