1000000,'002e9040-347b-4d67-99ad-91f095cd5be5',642,,527,357,,,0,100,,525,357,,,0,100,,530,357,,,0,100,,524,357,,,0,100,,528,357,,,0,100,,532,357,,,0,100,,531,357,,,0,100,,526,357,,,0,100,,529,357,,,0,100,,534,357,,,0,100,,533,357,,,0,100,,535,357,,,0
1000000,'3b3536a6-84e2-41dd-ace2-34555d61bc26',642,,536,357,,,0,100,,547,357,,,0,100,,542,357,,,0,100,,540,357,,,0,100,,543,357,,,0,100,,538,357,,,0,100,,544,357,,,0,100,,545,357,,,0,100,,546,357,,,0,100,,537,357,,,0,100,,541,357,,,0,100,,539,357,,,0
1000000,'6740aa73-5c15-4ada-bae1-0581627d255c',642,,552,357,,,0,100,,557,357,,,0,100,,551,357,,,0,100,,549,357,,,0,100,,553,357,,,0,100,,554,357,,,0,100,,559,357,,,0,100,,555,357,,,0,100,,548,357,,,0,100,,556,357,,,0,100,,560,357,,,0,100,,550,357,,,0,100,,558,357,,,0
1000000,'8b416866-5b6c-451e-b06e-834b3044aa33',642,,573,357,,,0,100,,568,357,,,0,100,,565,357,,,0,100,,563,357,,,0,100,,571,357,,,0,100,,566,357,,,0,100,,567,357,,,0,100,,564,357,,,0,100,,570,357,,,0,100,,562,357,,,0,100,,561,357,,,0,100,,572,357,,,0,100,,569,357,,,0
2000000,'002e9040-347b-4d67-99ad-91f095cd5be5',612,,579,126,,,0,100,,581,126,,,0,100,,583,126,,,0,100,,580,126,,,0,100,,576,126,,,0,100,,577,126,,,0,100,,575,126,,,0,100,,584,126,,,0,100,,585,126,,,0,100,,578,126,,,0,100,,582,126,,,0,100,,574,126,,,0
2000000,'3b3536a6-84e2-41dd-ace2-34555d61bc26',612,,597,126,,,0,100,,589,126,,,0,100,,593,126,,,0,100,,588,126,,,0,100,,587,126,,,0,100,,596,126,,,0,100,,594,126,,,0,100,,592,126,,,0,100,,595,126,,,0,100,,586,126,,,0,100,,590,126,,,0,100,,591,126,,,0
2000000,'6740aa73-5c15-4ada-bae1-0581627d255c',612,,610,126,,,0,100,,609,126,,,0,100,,605,126,,,0,100,,599,126,,,0,100,,608,126,,,0,100,,602,126,,,0,100,,603,126,,,0,100,,600,126,,,0,100,,598,126,,,0,100,,601,126,,,0,100,,606,126,,,0,100,,604,126,,,0,100,,607,126,,,0
2000000,'8b416866-5b6c-451e-b06e-834b3044aa33',612,,615,126,,,0,100,,623,126,,,0,100,,617,126,,,0,100,,613,126,,,0,100,,616,126,,,0,100,,621,126,,,0,100,,618,126,,,0,100,,612,126,,,0,100,,622,126,,,0,100,,614,126,,,0,100,,619,126,,,0,100,,611,126,,,0,100,,620,126,,,0
1019200000,'1bbe38fd-cc46-40bc-a40a-506639991551',942,,798,355,,,0,100,,799,355,,,0,100,,796,355,,,0,100,,793,355,,,0,100,,795,355,,,0,100,,794,355,,,0,100,,797,355,,,0
1019200000,'5e4af7a9-571b-4a0c-a0b1-3b124e00562a',942,,806,355,,,0,100,,801,355,,,0,100,,802,355,,,0,100,,804,355,,,0,100,,805,355,,,0,100,,803,355,,,0,100,,800,355,,,0
1019200000,'fe1884a6-717c-4091-95a3-58069f90c1d5',942,,808,355,,,0,100,,809,355,,,0,100,,810,355,,,0,100,,813,355,,,0,100,,811,355,,,0,100,,812,355,,,0,100,,807,355,,,0
1019200001,'1bbe38fd-cc46-40bc-a40a-506639991551',1642,,814,355,,,0
1019200001,'5e4af7a9-571b-4a0c-a0b1-3b124e00562a',1642,,815,355,,,0
1019200001,'fe1884a6-717c-4091-95a3-58069f90c1d5',1642,,816,355,,,0
2019200000,'1bbe38fd-cc46-40bc-a40a-506639991551',1012,,822,124,,,0,100,,820,124,,,0,100,,821,124,,,0,100,,818,124,,,0,100,,819,124,,,0,100,,817,124,,,0,100,,823,124,,,0
2019200000,'5e4af7a9-571b-4a0c-a0b1-3b124e00562a',1012,,830,124,,,0,100,,825,124,,,0,100,,824,124,,,0,100,,826,124,,,0,100,,827,124,,,0,100,,829,124,,,0,100,,828,124,,,0
2019200000,'fe1884a6-717c-4091-95a3-58069f90c1d5',1012,,836,124,,,0,100,,831,124,,,0,100,,832,124,,,0,100,,835,124,,,0,100,,833,124,,,0,100,,837,124,,,0,100,,834,124,,,0
2019200001,'1bbe38fd-cc46-40bc-a40a-506639991551',913,,838,182,,,0
2019200001,'5e4af7a9-571b-4a0c-a0b1-3b124e00562a',913,,839,182,,,0
2019200001,'fe1884a6-717c-4091-95a3-58069f90c1d5',913,,840,182,,,0
