1000000,'002e9040-347b-4d67-99ad-91f095cd5be5',630,,527,275,,,0,100,,525,275,,,0,100,,530,275,,,0,100,,524,275,,,0,100,,528,275,,,0,100,,532,275,,,0,100,,531,275,,,0,100,,526,275,,,0,100,,529,275,,,0,100,,534,275,,,0,100,,533,275,,,0,100,,535,275,,,0
1000000,'3b3536a6-84e2-41dd-ace2-34555d61bc26',630,,536,275,,,0,100,,547,275,,,0,100,,542,275,,,0,100,,540,275,,,0,100,,543,275,,,0,100,,538,275,,,0,100,,544,275,,,0,100,,545,275,,,0,100,,546,275,,,0,100,,537,275,,,0,100,,541,275,,,0,100,,539,275,,,0
1000000,'6740aa73-5c15-4ada-bae1-0581627d255c',630,,552,275,,,0,100,,557,275,,,0,100,,551,275,,,0,100,,549,275,,,0,100,,553,275,,,0,100,,554,275,,,0,100,,559,275,,,0,100,,555,275,,,0,100,,548,275,,,0,100,,556,275,,,0,100,,560,275,,,0,100,,550,275,,,0,100,,558,275,,,0
1000000,'8b416866-5b6c-451e-b06e-834b3044aa33',630,,573,275,,,0,100,,568,275,,,0,100,,565,275,,,0,100,,563,275,,,0,100,,571,275,,,0,100,,566,275,,,0,100,,567,275,,,0,100,,564,275,,,0,100,,570,275,,,0,100,,562,275,,,0,100,,561,275,,,0,100,,572,275,,,0,100,,569,275,,,0
2000000,'002e9040-347b-4d67-99ad-91f095cd5be5',627,,579,235,,,0,100,,581,235,,,0,100,,583,235,,,0,100,,580,235,,,0,100,,576,235,,,0,100,,577,235,,,0,100,,575,235,,,0,100,,584,235,,,0,100,,585,235,,,0,100,,578,235,,,0,100,,582,235,,,0,100,,574,235,,,0
2000000,'3b3536a6-84e2-41dd-ace2-34555d61bc26',627,,597,235,,,0,100,,589,235,,,0,100,,593,235,,,0,100,,588,235,,,0,100,,587,235,,,0,100,,596,235,,,0,100,,594,235,,,0,100,,592,235,,,0,100,,595,235,,,0,100,,586,235,,,0,100,,590,235,,,0,100,,591,235,,,0
2000000,'6740aa73-5c15-4ada-bae1-0581627d255c',627,,610,235,,,0,100,,609,235,,,0,100,,605,235,,,0,100,,599,235,,,0,100,,608,235,,,0,100,,602,235,,,0,100,,603,235,,,0,100,,600,235,,,0,100,,598,235,,,0,100,,601,235,,,0,100,,606,235,,,0,100,,604,235,,,0,100,,607,235,,,0
2000000,'8b416866-5b6c-451e-b06e-834b3044aa33',627,,615,235,,,0,100,,623,235,,,0,100,,617,235,,,0,100,,613,235,,,0,100,,616,235,,,0,100,,621,235,,,0,100,,618,235,,,0,100,,612,235,,,0,100,,622,235,,,0,100,,614,235,,,0,100,,619,235,,,0,100,,611,235,,,0,100,,620,235,,,0
1019200000,'1bbe38fd-cc46-40bc-a40a-506639991551',930,,798,273,,,0,100,,799,273,,,0,100,,796,273,,,0,100,,793,273,,,0,100,,795,273,,,0,100,,794,273,,,0,100,,797,273,,,0
1019200000,'5e4af7a9-571b-4a0c-a0b1-3b124e00562a',930,,806,273,,,0,100,,801,273,,,0,100,,802,273,,,0,100,,804,273,,,0,100,,805,273,,,0,100,,803,273,,,0,100,,800,273,,,0
1019200000,'fe1884a6-717c-4091-95a3-58069f90c1d5',930,,808,273,,,0,100,,809,273,,,0,100,,810,273,,,0,100,,813,273,,,0,100,,811,273,,,0,100,,812,273,,,0,100,,807,273,,,0
1019200001,'1bbe38fd-cc46-40bc-a40a-506639991551',1630,,814,273,,,0
1019200001,'5e4af7a9-571b-4a0c-a0b1-3b124e00562a',1630,,815,273,,,0
1019200001,'fe1884a6-717c-4091-95a3-58069f90c1d5',1630,,816,273,,,0
2019200000,'1bbe38fd-cc46-40bc-a40a-506639991551',1024,,822,233,,,0,100,,820,233,,,0,100,,821,233,,,0,100,,818,233,,,0,100,,819,233,,,0,100,,817,233,,,0,100,,823,233,,,0
2019200000,'5e4af7a9-571b-4a0c-a0b1-3b124e00562a',1024,,830,233,,,0,100,,825,233,,,0,100,,824,233,,,0,100,,826,233,,,0,100,,827,233,,,0,100,,829,233,,,0,100,,828,233,,,0
2019200000,'fe1884a6-717c-4091-95a3-58069f90c1d5',1024,,836,233,,,0,100,,831,233,,,0,100,,832,233,,,0,100,,835,233,,,0,100,,833,233,,,0,100,,837,233,,,0,100,,834,233,,,0
2019200001,'1bbe38fd-cc46-40bc-a40a-506639991551',924,,838,277,,,0
2019200001,'5e4af7a9-571b-4a0c-a0b1-3b124e00562a',924,,839,277,,,0
2019200001,'fe1884a6-717c-4091-95a3-58069f90c1d5',924,,840,277,,,0
