1000000,'002e9040-347b-4d67-99ad-91f095cd5be5',637,,527,330,,,0,100,,525,330,,,0,100,,530,330,,,0,100,,524,330,,,0,100,,528,330,,,0,100,,532,330,,,0,100,,531,330,,,0,100,,526,330,,,0,100,,529,330,,,0,100,,534,330,,,0,100,,533,330,,,0,100,,535,330,,,0
1000000,'3b3536a6-84e2-41dd-ace2-34555d61bc26',637,,536,330,,,0,100,,547,330,,,0,100,,542,330,,,0,100,,540,330,,,0,100,,543,330,,,0,100,,538,330,,,0,100,,544,330,,,0,100,,545,330,,,0,100,,546,330,,,0,100,,537,330,,,0,100,,541,330,,,0,100,,539,330,,,0
1000000,'6740aa73-5c15-4ada-bae1-0581627d255c',637,,552,330,,,0,100,,557,330,,,0,100,,551,330,,,0,100,,549,330,,,0,100,,553,330,,,0,100,,554,330,,,0,100,,559,330,,,0,100,,555,330,,,0,100,,548,330,,,0,100,,556,330,,,0,100,,560,330,,,0,100,,550,330,,,0,100,,558,330,,,0
1000000,'8b416866-5b6c-451e-b06e-834b3044aa33',637,,573,330,,,0,100,,568,330,,,0,100,,565,330,,,0,100,,563,330,,,0,100,,571,330,,,0,100,,566,330,,,0,100,,567,330,,,0,100,,564,330,,,0,100,,570,330,,,0,100,,562,330,,,0,100,,561,330,,,0,100,,572,330,,,0,100,,569,330,,,0
2000000,'002e9040-347b-4d67-99ad-91f095cd5be5',618,,579,156,,,0,100,,581,156,,,0,100,,583,156,,,0,100,,580,156,,,0,100,,576,156,,,0,100,,577,156,,,0,100,,575,156,,,0,100,,584,156,,,0,100,,585,156,,,0,100,,578,156,,,0,100,,582,156,,,0,100,,574,156,,,0
2000000,'3b3536a6-84e2-41dd-ace2-34555d61bc26',618,,597,156,,,0,100,,589,156,,,0,100,,593,156,,,0,100,,588,156,,,0,100,,587,156,,,0,100,,596,156,,,0,100,,594,156,,,0,100,,592,156,,,0,100,,595,156,,,0,100,,586,156,,,0,100,,590,156,,,0,100,,591,156,,,0
2000000,'6740aa73-5c15-4ada-bae1-0581627d255c',618,,610,156,,,0,100,,609,156,,,0,100,,605,156,,,0,100,,599,156,,,0,100,,608,156,,,0,100,,602,156,,,0,100,,603,156,,,0,100,,600,156,,,0,100,,598,156,,,0,100,,601,156,,,0,100,,606,156,,,0,100,,604,156,,,0,100,,607,156,,,0
2000000,'8b416866-5b6c-451e-b06e-834b3044aa33',618,,615,156,,,0,100,,623,156,,,0,100,,617,156,,,0,100,,613,156,,,0,100,,616,156,,,0,100,,621,156,,,0,100,,618,156,,,0,100,,612,156,,,0,100,,622,156,,,0,100,,614,156,,,0,100,,619,156,,,0,100,,611,156,,,0,100,,620,156,,,0
1019200000,'1bbe38fd-cc46-40bc-a40a-506639991551',937,,798,328,,,0,100,,799,328,,,0,100,,796,328,,,0,100,,793,328,,,0,100,,795,328,,,0,100,,794,328,,,0,100,,797,328,,,0
1019200000,'5e4af7a9-571b-4a0c-a0b1-3b124e00562a',937,,806,328,,,0,100,,801,328,,,0,100,,802,328,,,0,100,,804,328,,,0,100,,805,328,,,0,100,,803,328,,,0,100,,800,328,,,0
1019200000,'fe1884a6-717c-4091-95a3-58069f90c1d5',937,,808,328,,,0,100,,809,328,,,0,100,,810,328,,,0,100,,813,328,,,0,100,,811,328,,,0,100,,812,328,,,0,100,,807,328,,,0
1019200001,'1bbe38fd-cc46-40bc-a40a-506639991551',1637,,814,328,,,0
1019200001,'5e4af7a9-571b-4a0c-a0b1-3b124e00562a',1637,,815,328,,,0
1019200001,'fe1884a6-717c-4091-95a3-58069f90c1d5',1637,,816,328,,,0
2019200000,'1bbe38fd-cc46-40bc-a40a-506639991551',1018,,822,154,,,0,100,,820,154,,,0,100,,821,154,,,0,100,,818,154,,,0,100,,819,154,,,0,100,,817,154,,,0,100,,823,154,,,0
2019200000,'5e4af7a9-571b-4a0c-a0b1-3b124e00562a',1018,,830,154,,,0,100,,825,154,,,0,100,,824,154,,,0,100,,826,154,,,0,100,,827,154,,,0,100,,829,154,,,0,100,,828,154,,,0
2019200000,'fe1884a6-717c-4091-95a3-58069f90c1d5',1018,,836,154,,,0,100,,831,154,,,0,100,,832,154,,,0,100,,835,154,,,0,100,,833,154,,,0,100,,837,154,,,0,100,,834,154,,,0
2019200001,'1bbe38fd-cc46-40bc-a40a-506639991551',918,,838,205,,,0
2019200001,'5e4af7a9-571b-4a0c-a0b1-3b124e00562a',918,,839,205,,,0
2019200001,'fe1884a6-717c-4091-95a3-58069f90c1d5',918,,840,205,,,0
