1000000,'002e9040-347b-4d67-99ad-91f095cd5be5',636,,527,312,,,0,100,,525,312,,,0,100,,530,312,,,0,100,,524,312,,,0,100,,528,312,,,0,100,,532,312,,,0,100,,531,312,,,0,100,,526,312,,,0,100,,529,312,,,0,100,,534,312,,,0,100,,533,312,,,0,100,,535,312,,,0
1000000,'3b3536a6-84e2-41dd-ace2-34555d61bc26',636,,536,312,,,0,100,,547,312,,,0,100,,542,312,,,0,100,,540,312,,,0,100,,543,312,,,0,100,,538,312,,,0,100,,544,312,,,0,100,,545,312,,,0,100,,546,312,,,0,100,,537,312,,,0,100,,541,312,,,0,100,,539,312,,,0
1000000,'6740aa73-5c15-4ada-bae1-0581627d255c',636,,552,312,,,0,100,,557,312,,,0,100,,551,312,,,0,100,,549,312,,,0,100,,553,312,,,0,100,,554,312,,,0,100,,559,312,,,0,100,,555,312,,,0,100,,548,312,,,0,100,,556,312,,,0,100,,560,312,,,0,100,,550,312,,,0,100,,558,312,,,0
1000000,'8b416866-5b6c-451e-b06e-834b3044aa33',636,,573,312,,,0,100,,568,312,,,0,100,,565,312,,,0,100,,563,312,,,0,100,,571,312,,,0,100,,566,312,,,0,100,,567,312,,,0,100,,564,312,,,0,100,,570,312,,,0,100,,562,312,,,0,100,,561,312,,,0,100,,572,312,,,0,100,,569,312,,,0
2000000,'002e9040-347b-4d67-99ad-91f095cd5be5',621,,579,197,,,0,100,,581,197,,,0,100,,583,197,,,0,100,,580,197,,,0,100,,576,197,,,0,100,,577,197,,,0,100,,575,197,,,0,100,,584,197,,,0,100,,585,197,,,0,100,,578,197,,,0,100,,582,197,,,0,100,,574,197,,,0
2000000,'3b3536a6-84e2-41dd-ace2-34555d61bc26',621,,597,197,,,0,100,,589,197,,,0,100,,593,197,,,0,100,,588,197,,,0,100,,587,197,,,0,100,,596,197,,,0,100,,594,197,,,0,100,,592,197,,,0,100,,595,197,,,0,100,,586,197,,,0,100,,590,197,,,0,100,,591,197,,,0
2000000,'6740aa73-5c15-4ada-bae1-0581627d255c',621,,610,197,,,0,100,,609,197,,,0,100,,605,197,,,0,100,,599,197,,,0,100,,608,197,,,0,100,,602,197,,,0,100,,603,197,,,0,100,,600,197,,,0,100,,598,197,,,0,100,,601,197,,,0,100,,606,197,,,0,100,,604,197,,,0,100,,607,197,,,0
2000000,'8b416866-5b6c-451e-b06e-834b3044aa33',621,,615,197,,,0,100,,623,197,,,0,100,,617,197,,,0,100,,613,197,,,0,100,,616,197,,,0,100,,621,197,,,0,100,,618,197,,,0,100,,612,197,,,0,100,,622,197,,,0,100,,614,197,,,0,100,,619,197,,,0,100,,611,197,,,0,100,,620,197,,,0
1019200000,'1bbe38fd-cc46-40bc-a40a-506639991551',936,,798,310,,,0,100,,799,310,,,0,100,,796,310,,,0,100,,793,310,,,0,100,,795,310,,,0,100,,794,310,,,0,100,,797,310,,,0
1019200000,'5e4af7a9-571b-4a0c-a0b1-3b124e00562a',936,,806,310,,,0,100,,801,310,,,0,100,,802,310,,,0,100,,804,310,,,0,100,,805,310,,,0,100,,803,310,,,0,100,,800,310,,,0
1019200000,'fe1884a6-717c-4091-95a3-58069f90c1d5',936,,808,310,,,0,100,,809,310,,,0,100,,810,310,,,0,100,,813,310,,,0,100,,811,310,,,0,100,,812,310,,,0,100,,807,310,,,0
1019200001,'1bbe38fd-cc46-40bc-a40a-506639991551',1636,,814,310,,,0
1019200001,'5e4af7a9-571b-4a0c-a0b1-3b124e00562a',1636,,815,310,,,0
1019200001,'fe1884a6-717c-4091-95a3-58069f90c1d5',1636,,816,310,,,0
2019200000,'1bbe38fd-cc46-40bc-a40a-506639991551',1021,,822,195,,,0,100,,820,195,,,0,100,,821,195,,,0,100,,818,195,,,0,100,,819,195,,,0,100,,817,195,,,0,100,,823,195,,,0
2019200000,'5e4af7a9-571b-4a0c-a0b1-3b124e00562a',1021,,830,195,,,0,100,,825,195,,,0,100,,824,195,,,0,100,,826,195,,,0,100,,827,195,,,0,100,,829,195,,,0,100,,828,195,,,0
2019200000,'fe1884a6-717c-4091-95a3-58069f90c1d5',1021,,836,195,,,0,100,,831,195,,,0,100,,832,195,,,0,100,,835,195,,,0,100,,833,195,,,0,100,,837,195,,,0,100,,834,195,,,0
2019200001,'1bbe38fd-cc46-40bc-a40a-506639991551',921,,838,242,,,0
2019200001,'5e4af7a9-571b-4a0c-a0b1-3b124e00562a',921,,839,242,,,0
2019200001,'fe1884a6-717c-4091-95a3-58069f90c1d5',921,,840,242,,,0
