2000000,'002e9040-347b-4d67-99ad-91f095cd5be5',551,,579,47,,,0,100,,581,47,,,0,100,,583,47,,,0,100,,580,47,,,0,100,,576,47,,,0,100,,577,47,,,0,100,,575,47,,,0,100,,584,47,,,0,100,,585,47,,,0,100,,578,47,,,0,100,,582,47,,,0,100,,574,47,,,0
2000000,'3b3536a6-84e2-41dd-ace2-34555d61bc26',551,,597,47,,,0,100,,589,47,,,0,100,,593,47,,,0,100,,588,47,,,0,100,,587,47,,,0,100,,596,47,,,0,100,,594,47,,,0,100,,592,47,,,0,100,,595,47,,,0,100,,586,47,,,0,100,,590,47,,,0,100,,591,47,,,0
2000000,'6740aa73-5c15-4ada-bae1-0581627d255c',551,,610,47,,,0,100,,609,47,,,0,100,,605,47,,,0,100,,599,47,,,0,100,,608,47,,,0,100,,602,47,,,0,100,,603,47,,,0,100,,600,47,,,0,100,,598,47,,,0,100,,601,47,,,0,100,,606,47,,,0,100,,604,47,,,0,100,,607,47,,,0
2000000,'8b416866-5b6c-451e-b06e-834b3044aa33',551,,615,47,,,0,100,,623,47,,,0,100,,617,47,,,0,100,,613,47,,,0,100,,616,47,,,0,100,,621,47,,,0,100,,618,47,,,0,100,,612,47,,,0,100,,622,47,,,0,100,,614,47,,,0,100,,619,47,,,0,100,,611,47,,,0,100,,620,47,,,0
2019200000,'1bbe38fd-cc46-40bc-a40a-506639991551',951,,822,45,,,0,100,,820,45,,,0,100,,821,45,,,0,100,,818,45,,,0,100,,819,45,,,0,100,,817,45,,,0,100,,823,45,,,0
2019200000,'5e4af7a9-571b-4a0c-a0b1-3b124e00562a',951,,830,45,,,0,100,,825,45,,,0,100,,824,45,,,0,100,,826,45,,,0,100,,827,45,,,0,100,,829,45,,,0,100,,828,45,,,0
2019200000,'fe1884a6-717c-4091-95a3-58069f90c1d5',951,,836,45,,,0,100,,831,45,,,0,100,,832,45,,,0,100,,835,45,,,0,100,,833,45,,,0,100,,837,45,,,0,100,,834,45,,,0
2019200001,'1bbe38fd-cc46-40bc-a40a-506639991551',851,,838,43,,,0
2019200001,'5e4af7a9-571b-4a0c-a0b1-3b124e00562a',851,,839,43,,,0
2019200001,'fe1884a6-717c-4091-95a3-58069f90c1d5',851,,840,43,,,0
