2000000,'002e9040-347b-4d67-99ad-91f095cd5be5',624,,579,211,,,0,100,,581,211,,,0,100,,583,211,,,0,100,,580,211,,,0,100,,576,211,,,0,100,,577,211,,,0,100,,575,211,,,0,100,,584,211,,,0,100,,585,211,,,0,100,,578,211,,,0,100,,582,211,,,0,100,,574,211,,,0
2000000,'3b3536a6-84e2-41dd-ace2-34555d61bc26',624,,597,211,,,0,100,,589,211,,,0,100,,593,211,,,0,100,,588,211,,,0,100,,587,211,,,0,100,,596,211,,,0,100,,594,211,,,0,100,,592,211,,,0,100,,595,211,,,0,100,,586,211,,,0,100,,590,211,,,0,100,,591,211,,,0
2000000,'6740aa73-5c15-4ada-bae1-0581627d255c',624,,610,211,,,0,100,,609,211,,,0,100,,605,211,,,0,100,,599,211,,,0,100,,608,211,,,0,100,,602,211,,,0,100,,603,211,,,0,100,,600,211,,,0,100,,598,211,,,0,100,,601,211,,,0,100,,606,211,,,0,100,,604,211,,,0,100,,607,211,,,0
2000000,'8b416866-5b6c-451e-b06e-834b3044aa33',624,,615,211,,,0,100,,623,211,,,0,100,,617,211,,,0,100,,613,211,,,0,100,,616,211,,,0,100,,621,211,,,0,100,,618,211,,,0,100,,612,211,,,0,100,,622,211,,,0,100,,614,211,,,0,100,,619,211,,,0,100,,611,211,,,0,100,,620,211,,,0
2019200000,'1bbe38fd-cc46-40bc-a40a-506639991551',1023,,822,209,,,0,100,,820,209,,,0,100,,821,209,,,0,100,,818,209,,,0,100,,819,209,,,0,100,,817,209,,,0,100,,823,209,,,0
2019200000,'5e4af7a9-571b-4a0c-a0b1-3b124e00562a',1023,,830,209,,,0,100,,825,209,,,0,100,,824,209,,,0,100,,826,209,,,0,100,,827,209,,,0,100,,829,209,,,0,100,,828,209,,,0
2019200000,'fe1884a6-717c-4091-95a3-58069f90c1d5',1023,,836,209,,,0,100,,831,209,,,0,100,,832,209,,,0,100,,835,209,,,0,100,,833,209,,,0,100,,837,209,,,0,100,,834,209,,,0
2019200001,'1bbe38fd-cc46-40bc-a40a-506639991551',923,,838,253,,,0
2019200001,'5e4af7a9-571b-4a0c-a0b1-3b124e00562a',923,,839,253,,,0
2019200001,'fe1884a6-717c-4091-95a3-58069f90c1d5',923,,840,253,,,0
