3000000,'002e9040-347b-4d67-99ad-91f095cd5be5',908,,628,246,,,0,100,,629,246,,,0,100,,624,246,,,0,100,,625,246,,,0,100,,627,246,,,0,100,,626,246,,,0
3000000,'3b3536a6-84e2-41dd-ace2-34555d61bc26',908,,631,246,,,0,100,,633,246,,,0,100,,632,246,,,0,100,,630,246,,,0,100,,635,246,,,0,100,,634,246,,,0
3000000,'6740aa73-5c15-4ada-bae1-0581627d255c',908,,639,246,,,0,100,,636,246,,,0,100,,640,246,,,0,100,,638,246,,,0,100,,641,246,,,0,100,,637,246,,,0
3000000,'8b416866-5b6c-451e-b06e-834b3044aa33',908,,646,246,,,0,100,,642,246,,,0,100,,644,246,,,0,100,,645,246,,,0,100,,647,246,,,0,100,,643,246,,,0
300000100,'002e9040-347b-4d67-99ad-91f095cd5be5',707,,777,265,,,0,100,,778,265,,,0,800,,775,265,,,0,100,,776,265,,,0
300000100,'3b3536a6-84e2-41dd-ace2-34555d61bc26',707,,780,265,,,0,100,,779,265,,,0
300000100,'6740aa73-5c15-4ada-bae1-0581627d255c',707,,784,265,,,0,100,,783,265,,,0,800,,781,265,,,0,100,,782,265,,,0
300000100,'8b416866-5b6c-451e-b06e-834b3044aa33',707,,788,265,,,0,100,,787,265,,,0,800,,786,265,,,0,100,,785,265,,,0
300000101,'002e9040-347b-4d67-99ad-91f095cd5be5',1507,,789,222,,,0
300000101,'3b3536a6-84e2-41dd-ace2-34555d61bc26',1507,,790,222,,,0
300000101,'6740aa73-5c15-4ada-bae1-0581627d255c',1507,,791,222,,,0
300000101,'8b416866-5b6c-451e-b06e-834b3044aa33',1507,,792,222,,,0
