1000000,'002e9040-347b-4d67-99ad-91f095cd5be5',651,,527,382,,,0,100,,525,382,,,0,100,,530,382,,,0,100,,524,382,,,0,100,,528,382,,,0,100,,532,382,,,0,100,,531,382,,,0,100,,526,382,,,0,100,,529,382,,,0,100,,534,382,,,0,100,,533,382,,,0,100,,535,382,,,0
1000000,'3b3536a6-84e2-41dd-ace2-34555d61bc26',651,,536,382,,,0,100,,547,382,,,0,100,,542,382,,,0,100,,540,382,,,0,100,,543,382,,,0,100,,538,382,,,0,100,,544,382,,,0,100,,545,382,,,0,100,,546,382,,,0,100,,537,382,,,0,100,,541,382,,,0,100,,539,382,,,0
1000000,'6740aa73-5c15-4ada-bae1-0581627d255c',651,,552,382,,,0,100,,557,382,,,0,100,,551,382,,,0,100,,549,382,,,0,100,,553,382,,,0,100,,554,382,,,0,100,,559,382,,,0,100,,555,382,,,0,100,,548,382,,,0,100,,556,382,,,0,100,,560,382,,,0,100,,550,382,,,0,100,,558,382,,,0
1000000,'8b416866-5b6c-451e-b06e-834b3044aa33',651,,573,382,,,0,100,,568,382,,,0,100,,565,382,,,0,100,,563,382,,,0,100,,571,382,,,0,100,,566,382,,,0,100,,567,382,,,0,100,,564,382,,,0,100,,570,382,,,0,100,,562,382,,,0,100,,561,382,,,0,100,,572,382,,,0,100,,569,382,,,0
1019200000,'1bbe38fd-cc46-40bc-a40a-506639991551',951,,798,380,,,0,100,,799,380,,,0,100,,796,380,,,0,100,,793,380,,,0,100,,795,380,,,0,100,,794,380,,,0,100,,797,380,,,0
1019200000,'5e4af7a9-571b-4a0c-a0b1-3b124e00562a',951,,806,380,,,0,100,,801,380,,,0,100,,802,380,,,0,100,,804,380,,,0,100,,805,380,,,0,100,,803,380,,,0,100,,800,380,,,0
1019200000,'fe1884a6-717c-4091-95a3-58069f90c1d5',951,,808,380,,,0,100,,809,380,,,0,100,,810,380,,,0,100,,813,380,,,0,100,,811,380,,,0,100,,812,380,,,0,100,,807,380,,,0
1019200001,'1bbe38fd-cc46-40bc-a40a-506639991551',1657,,814,455,,,0
1019200001,'5e4af7a9-571b-4a0c-a0b1-3b124e00562a',1657,,815,455,,,0
1019200001,'fe1884a6-717c-4091-95a3-58069f90c1d5',1657,,816,455,,,0
