32000101,'002e9040-347b-4d67-99ad-91f095cd5be5',636,,674,296,,,0,200,,673,296,,,0,270,,672,296,,,0,530,,671,296,,,0
32000101,'3b3536a6-84e2-41dd-ace2-34555d61bc26',636,,675,296,,,0,200,,676,296,,,0,270,,679,296,,,0,330,,678,296,,,0,200,,680,296,,,0,270,,677,296,,,0
32000101,'6740aa73-5c15-4ada-bae1-0581627d255c',636,,682,296,,,0,200,,681,296,,,0,270,,684,296,,,0,330,,683,296,,,0,200,,685,296,,,0,270,,686,296,,,0
32000101,'8b416866-5b6c-451e-b06e-834b3044aa33',636,,688,296,,,0,200,,690,296,,,0,270,,687,296,,,0,330,,692,296,,,0,200,,689,296,,,0,270,,691,296,,,0
32000300,'1bbe38fd-cc46-40bc-a40a-506639991551',1100,,740,152,,,0,100,,744,152,,,0,46,,737,152,,,0,100,,742,152,,,0,86,,746,152,,,0,170,,743,152,,,0,46,,735,152,,,0,100,,745,152,,,0,86,,736,152,,,0,100,,734,152,,,0,86,,739,152,,,0,100,,738,152,,,0
32000300,'6740aa73-5c15-4ada-bae1-0581627d255c',1834,,748,152,,,0,100,,751,152,,,0,86,,749,152,,,0,100,,747,152,,,0
32000300,'8b416866-5b6c-451e-b06e-834b3044aa33',1834,,756,152,,,0,100,,753,152,,,0,86,,752,152,,,0,100,,755,152,,,0
32000300,'e187c9ec-e33a-4154-a7ac-3c7006c93e65',1100,,757,152,,,0,100,,759,152,,,0,46,,761,152,,,0,100,,760,152,,,0,86,,758,152,,,0
32000300,'fe1884a6-717c-4091-95a3-58069f90c1d5',1100,,765,152,,,0,100,,773,152,,,0,46,,770,152,,,0,100,,774,152,,,0,86,,769,152,,,0,170,,767,152,,,0,46,,763,152,,,0,100,,772,152,,,0,86,,762,152,,,0,100,,771,152,,,0,86,,766,152,,,0,100,,764,152,,,0
320121400000,'1bbe38fd-cc46-40bc-a40a-506639991551',2306,,841,37,,,0,100,,842,37,,,0
320121400000,'8b416866-5b6c-451e-b06e-834b3044aa33',2306,,843,37,,,0,100,,844,37,,,0
320121400001,'1bbe38fd-cc46-40bc-a40a-506639991551',2226,,848,37,4,,0,10,,846,37,4,,0,10,,849,37,4,,0,10,,845,37,4,,0,60,,847,37,,,0
320121400001,'8b416866-5b6c-451e-b06e-834b3044aa33',2226,,854,37,4,,0,10,,851,37,4,,0,10,,853,37,4,,0,10,,852,37,4,,0,60,,850,37,,,0
