3000000,'002e9040-347b-4d67-99ad-91f095cd5be5',918,,628,285,,,0,100,,629,285,,,0,100,,624,285,,,0,100,,625,285,,,0,100,,627,285,,,0,100,,626,285,,,0
3000000,'3b3536a6-84e2-41dd-ace2-34555d61bc26',918,,631,285,,,0,100,,633,285,,,0,100,,632,285,,,0,100,,630,285,,,0,100,,635,285,,,0,100,,634,285,,,0
3000000,'6740aa73-5c15-4ada-bae1-0581627d255c',918,,639,285,,,0,100,,636,285,,,0,100,,640,285,,,0,100,,638,285,,,0,100,,641,285,,,0,100,,637,285,,,0
3000000,'8b416866-5b6c-451e-b06e-834b3044aa33',918,,646,285,,,0,100,,642,285,,,0,100,,644,285,,,0,100,,645,285,,,0,100,,647,285,,,0,100,,643,285,,,0
300000100,'002e9040-347b-4d67-99ad-91f095cd5be5',718,,777,305,,,0,100,,778,305,,,0,800,,775,305,,,0,100,,776,305,,,0
300000100,'3b3536a6-84e2-41dd-ace2-34555d61bc26',718,,780,305,,,0,100,,779,305,,,0
300000100,'6740aa73-5c15-4ada-bae1-0581627d255c',718,,784,305,,,0,100,,783,305,,,0,800,,781,305,,,0,100,,782,305,,,0
300000100,'8b416866-5b6c-451e-b06e-834b3044aa33',718,,788,305,,,0,100,,787,305,,,0,800,,786,305,,,0,100,,785,305,,,0
300000101,'002e9040-347b-4d67-99ad-91f095cd5be5',1514,,789,262,,,0
300000101,'3b3536a6-84e2-41dd-ace2-34555d61bc26',1514,,790,262,,,0
300000101,'6740aa73-5c15-4ada-bae1-0581627d255c',1514,,791,262,,,0
300000101,'8b416866-5b6c-451e-b06e-834b3044aa33',1514,,792,262,,,0
