2000000,'002e9040-347b-4d67-99ad-91f095cd5be5',637,,579,303,,,0,100,,581,303,,,0,100,,583,303,,,0,100,,580,303,,,0,100,,576,303,,,0,100,,577,303,,,0,100,,575,303,,,0,100,,584,303,,,0,100,,585,303,,,0,100,,578,303,,,0,100,,582,303,,,0,100,,574,303,,,0
2000000,'3b3536a6-84e2-41dd-ace2-34555d61bc26',637,,597,303,,,0,100,,589,303,,,0,100,,593,303,,,0,100,,588,303,,,0,100,,587,303,,,0,100,,596,303,,,0,100,,594,303,,,0,100,,592,303,,,0,100,,595,303,,,0,100,,586,303,,,0,100,,590,303,,,0,100,,591,303,,,0
2000000,'6740aa73-5c15-4ada-bae1-0581627d255c',637,,610,303,,,0,100,,609,303,,,0,100,,605,303,,,0,100,,599,303,,,0,100,,608,303,,,0,100,,602,303,,,0,100,,603,303,,,0,100,,600,303,,,0,100,,598,303,,,0,100,,601,303,,,0,100,,606,303,,,0,100,,604,303,,,0,100,,607,303,,,0
2000000,'8b416866-5b6c-451e-b06e-834b3044aa33',637,,615,303,,,0,100,,623,303,,,0,100,,617,303,,,0,100,,613,303,,,0,100,,616,303,,,0,100,,621,303,,,0,100,,618,303,,,0,100,,612,303,,,0,100,,622,303,,,0,100,,614,303,,,0,100,,619,303,,,0,100,,611,303,,,0,100,,620,303,,,0
2019200000,'1bbe38fd-cc46-40bc-a40a-506639991551',1037,,822,299,,,0,100,,820,299,,,0,100,,821,299,,,0,100,,818,299,,,0,100,,819,299,,,0,100,,817,299,,,0,100,,823,299,,,0
2019200000,'5e4af7a9-571b-4a0c-a0b1-3b124e00562a',1037,,830,299,,,0,100,,825,299,,,0,100,,824,299,,,0,100,,826,299,,,0,100,,827,299,,,0,100,,829,299,,,0,100,,828,299,,,0
2019200000,'fe1884a6-717c-4091-95a3-58069f90c1d5',1037,,836,299,,,0,100,,831,299,,,0,100,,832,299,,,0,100,,835,299,,,0,100,,833,299,,,0,100,,837,299,,,0,100,,834,299,,,0
2019200001,'1bbe38fd-cc46-40bc-a40a-506639991551',937,,838,341,,,0
2019200001,'5e4af7a9-571b-4a0c-a0b1-3b124e00562a',937,,839,341,,,0
2019200001,'fe1884a6-717c-4091-95a3-58069f90c1d5',937,,840,341,,,0
