1000000,'002e9040-347b-4d67-99ad-91f095cd5be5',610,,527,134,,,0,100,,525,134,,,0,100,,530,134,,,0,100,,524,134,,,0,100,,528,134,,,0,100,,532,134,,,0,100,,531,134,,,0,100,,526,134,,,0,100,,529,134,,,0,100,,534,134,,,0,100,,533,134,,,0,100,,535,134,,,0
1000000,'3b3536a6-84e2-41dd-ace2-34555d61bc26',610,,536,134,,,0,100,,547,134,,,0,100,,542,134,,,0,100,,540,134,,,0,100,,543,134,,,0,100,,538,134,,,0,100,,544,134,,,0,100,,545,134,,,0,100,,546,134,,,0,100,,537,134,,,0,100,,541,134,,,0,100,,539,134,,,0
1000000,'6740aa73-5c15-4ada-bae1-0581627d255c',610,,552,134,,,0,100,,557,134,,,0,100,,551,134,,,0,100,,549,134,,,0,100,,553,134,,,0,100,,554,134,,,0,100,,559,134,,,0,100,,555,134,,,0,100,,548,134,,,0,100,,556,134,,,0,100,,560,134,,,0,100,,550,134,,,0,100,,558,134,,,0
1000000,'8b416866-5b6c-451e-b06e-834b3044aa33',610,,573,134,,,0,100,,568,134,,,0,100,,565,134,,,0,100,,563,134,,,0,100,,571,134,,,0,100,,566,134,,,0,100,,567,134,,,0,100,,564,134,,,0,100,,570,134,,,0,100,,562,134,,,0,100,,561,134,,,0,100,,572,134,,,0,100,,569,134,,,0
2000000,'002e9040-347b-4d67-99ad-91f095cd5be5',547,,579,17,,,0,100,,581,17,,,0,100,,583,17,,,0,100,,580,17,,,0,100,,576,17,,,0,100,,577,17,,,0,100,,575,17,,,0,100,,584,17,,,0,100,,585,17,,,0,100,,578,17,,,0,100,,582,17,,,0,100,,574,17,,,0
2000000,'3b3536a6-84e2-41dd-ace2-34555d61bc26',547,,597,17,,,0,100,,589,17,,,0,100,,593,17,,,0,100,,588,17,,,0,100,,587,17,,,0,100,,596,17,,,0,100,,594,17,,,0,100,,592,17,,,0,100,,595,17,,,0,100,,586,17,,,0,100,,590,17,,,0,100,,591,17,,,0
2000000,'6740aa73-5c15-4ada-bae1-0581627d255c',547,,610,17,,,0,100,,609,17,,,0,100,,605,17,,,0,100,,599,17,,,0,100,,608,17,,,0,100,,602,17,,,0,100,,603,17,,,0,100,,600,17,,,0,100,,598,17,,,0,100,,601,17,,,0,100,,606,17,,,0,100,,604,17,,,0,100,,607,17,,,0
2000000,'8b416866-5b6c-451e-b06e-834b3044aa33',547,,615,17,,,0,100,,623,17,,,0,100,,617,17,,,0,100,,613,17,,,0,100,,616,17,,,0,100,,621,17,,,0,100,,618,17,,,0,100,,612,17,,,0,100,,622,17,,,0,100,,614,17,,,0,100,,619,17,,,0,100,,611,17,,,0,100,,620,17,,,0
3000000,'002e9040-347b-4d67-99ad-91f095cd5be5',842,,628,104,,,0,100,,629,104,,,0,100,,624,104,,,0,100,,625,104,,,0,100,,627,104,,,0,100,,626,104,,,0
3000000,'3b3536a6-84e2-41dd-ace2-34555d61bc26',842,,631,104,,,0,100,,633,104,,,0,100,,632,104,,,0,100,,630,104,,,0,100,,635,104,,,0,100,,634,104,,,0
3000000,'6740aa73-5c15-4ada-bae1-0581627d255c',842,,639,104,,,0,100,,636,104,,,0,100,,640,104,,,0,100,,638,104,,,0,100,,641,104,,,0,100,,637,104,,,0
3000000,'8b416866-5b6c-451e-b06e-834b3044aa33',842,,646,104,,,0,100,,642,104,,,0,100,,644,104,,,0,100,,645,104,,,0,100,,647,104,,,0,100,,643,104,,,0
