2000000,'002e9040-347b-4d67-99ad-91f095cd5be5',601,,579,80,,,0,100,,581,80,,,0,100,,583,80,,,0,100,,580,80,,,0,100,,576,80,,,0,100,,577,80,,,0,100,,575,80,,,0,100,,584,80,,,0,100,,585,80,,,0,100,,578,80,,,0,100,,582,80,,,0,100,,574,80,,,0
2000000,'3b3536a6-84e2-41dd-ace2-34555d61bc26',601,,597,80,,,0,100,,589,80,,,0,100,,593,80,,,0,100,,588,80,,,0,100,,587,80,,,0,100,,596,80,,,0,100,,594,80,,,0,100,,592,80,,,0,100,,595,80,,,0,100,,586,80,,,0,100,,590,80,,,0,100,,591,80,,,0
2000000,'6740aa73-5c15-4ada-bae1-0581627d255c',601,,610,80,,,0,100,,609,80,,,0,100,,605,80,,,0,100,,599,80,,,0,100,,608,80,,,0,100,,602,80,,,0,100,,603,80,,,0,100,,600,80,,,0,100,,598,80,,,0,100,,601,80,,,0,100,,606,80,,,0,100,,604,80,,,0,100,,607,80,,,0
2000000,'8b416866-5b6c-451e-b06e-834b3044aa33',601,,615,80,,,0,100,,623,80,,,0,100,,617,80,,,0,100,,613,80,,,0,100,,616,80,,,0,100,,621,80,,,0,100,,618,80,,,0,100,,612,80,,,0,100,,622,80,,,0,100,,614,80,,,0,100,,619,80,,,0,100,,611,80,,,0,100,,620,80,,,0
2019200000,'1bbe38fd-cc46-40bc-a40a-506639991551',1001,,822,78,,,0,100,,820,78,,,0,100,,821,78,,,0,100,,818,78,,,0,100,,819,78,,,0,100,,817,78,,,0,100,,823,78,,,0
2019200000,'5e4af7a9-571b-4a0c-a0b1-3b124e00562a',1001,,830,78,,,0,100,,825,78,,,0,100,,824,78,,,0,100,,826,78,,,0,100,,827,78,,,0,100,,829,78,,,0,100,,828,78,,,0
2019200000,'fe1884a6-717c-4091-95a3-58069f90c1d5',1001,,836,78,,,0,100,,831,78,,,0,100,,832,78,,,0,100,,835,78,,,0,100,,833,78,,,0,100,,837,78,,,0,100,,834,78,,,0
2019200001,'1bbe38fd-cc46-40bc-a40a-506639991551',900,,838,76,,,0
2019200001,'5e4af7a9-571b-4a0c-a0b1-3b124e00562a',900,,839,76,,,0
2019200001,'fe1884a6-717c-4091-95a3-58069f90c1d5',900,,840,76,,,0
