32000100,'002e9040-347b-4d67-99ad-91f095cd5be5',650,,650,74,,,0,199,,648,74,,,0,270,,649,74,,,0,330,,651,74,,,0,200,,652,74,,,0
32000100,'3b3536a6-84e2-41dd-ace2-34555d61bc26',650,,654,74,,,0,200,,657,74,,,0,270,,656,74,,,0,330,,655,74,,,0,200,,658,74,,,0,270,,653,74,,,0
32000100,'6740aa73-5c15-4ada-bae1-0581627d255c',650,,662,74,,,0,200,,660,74,,,0,270,,659,74,,,0,330,,664,74,,,0,199,,663,74,,,0,271,,661,74,,,0
32000100,'8b416866-5b6c-451e-b06e-834b3044aa33',650,,667,74,,,0,200,,665,74,,,0,270,,670,74,,,0,330,,669,74,,,0,199,,668,74,,,0,271,,666,74,,,0
32000200,'1bbe38fd-cc46-40bc-a40a-506639991551',1132,,693,174,,,0,186,,694,174,,,0,216,,696,174,,,0,186,,697,174,,,0,186,,698,174,,,0,146,,695,174,,,0
32000200,'6740aa73-5c15-4ada-bae1-0581627d255c',1906,,700,174,,,0,146,,699,174,,,0
32000200,'8b416866-5b6c-451e-b06e-834b3044aa33',1906,,701,174,,,0,146,,702,174,,,0
32000200,'e187c9ec-e33a-4154-a7ac-3c7006c93e65',1132,,703,174,,,0,186,,704,174,,,0
32000200,'fe1884a6-717c-4091-95a3-58069f90c1d5',1132,,707,174,,,0,186,,706,174,,,0,216,,709,174,,,0,186,,708,174,,,0,186,,710,174,,,0,146,,705,174,,,0
32000201,'1bbe38fd-cc46-40bc-a40a-506639991551',1032,,712,89,,,0,186,,717,89,,,0,186,,711,89,,,0,216,,714,89,,,0,186,,713,89,,,0,146,,716,89,,,0,186,,715,89,,,0
32000201,'6740aa73-5c15-4ada-bae1-0581627d255c',1806,,718,89,,,0,146,,719,89,,,0,186,,720,89,,,0
32000201,'8b416866-5b6c-451e-b06e-834b3044aa33',1806,,721,89,,,0,146,,722,89,,,0,186,,723,89,,,0
32000201,'e187c9ec-e33a-4154-a7ac-3c7006c93e65',1032,,725,89,,,0,186,,726,89,,,0,186,,724,89,,,0
32000201,'fe1884a6-717c-4091-95a3-58069f90c1d5',1032,,728,89,,,0,186,,733,89,,,0,186,,729,89,,,0,216,,727,89,,,0,186,,731,89,,,0,146,,730,89,,,0,186,,732,89,,,0
320121400000,'1bbe38fd-cc46-40bc-a40a-506639991551',2315,,841,104,,,0,100,,842,104,,,0
320121400000,'8b416866-5b6c-451e-b06e-834b3044aa33',2315,,843,104,,,0,100,,844,104,,,0
320121400001,'1bbe38fd-cc46-40bc-a40a-506639991551',2323,,847,104,,,0
320121400001,'8b416866-5b6c-451e-b06e-834b3044aa33',2323,,850,104,,,0
