32000100,'002e9040-347b-4d67-99ad-91f095cd5be5',645,,650,29,,,0,199,,648,29,,,0,270,,649,29,,,0,330,,651,29,,,0,200,,652,29,,,0
32000100,'3b3536a6-84e2-41dd-ace2-34555d61bc26',645,,654,29,,,0,200,,657,29,,,0,270,,656,29,,,0,330,,655,29,,,0,200,,658,29,,,0,270,,653,29,,,0
32000100,'6740aa73-5c15-4ada-bae1-0581627d255c',645,,662,29,,,0,200,,660,29,,,0,270,,659,29,,,0,330,,664,29,,,0,199,,663,29,,,0,271,,661,29,,,0
32000100,'8b416866-5b6c-451e-b06e-834b3044aa33',645,,667,29,,,0,200,,665,29,,,0,270,,670,29,,,0,330,,669,29,,,0,199,,668,29,,,0,271,,666,29,,,0
32000101,'002e9040-347b-4d67-99ad-91f095cd5be5',607,,674,169,,,0,200,,673,169,,,0,230,,672,169,,,0,570,,671,169,,,0
32000101,'3b3536a6-84e2-41dd-ace2-34555d61bc26',607,,675,169,,,0,200,,676,169,,,0,230,,679,169,,,0,370,,678,169,,,0,200,,680,169,,,0,230,,677,169,,,0
32000101,'6740aa73-5c15-4ada-bae1-0581627d255c',607,,682,169,,,0,200,,681,169,,,0,230,,684,169,,,0,370,,683,169,,,0,200,,685,169,,,0,230,,686,169,,,0
32000101,'8b416866-5b6c-451e-b06e-834b3044aa33',607,,688,169,,,0,200,,690,169,,,0,230,,687,169,,,0,370,,692,169,,,0,200,,689,169,,,0,230,,691,169,,,0
32000300,'1bbe38fd-cc46-40bc-a40a-506639991551',1022,,740,21,,,0,15,,740,78,,,0,84,,744,21,,,0,16,,744,78,,,0,71,,737,21,,,0,15,,737,78,,,0,84,,742,21,,,0,16,,742,78,,,0,31,,746,21,,,0,55,,746,78,,,0,114,,743,21,,,0,16,,743,78,,,0,71,,735,21,,,0,15,,735,78,,,0,84,,745,21,,,0,16,,745,78,,,0,31,,736,21,,,0,55,,736,78,,,0,44,,734,21,,,0,56,,734,78,,,0,31,,739,21,,,0,15,,739,78,,,0,84,,738,21,,,0,16,,738,78,,,0,71,,741,21,,,0,14,,741,78,,,0
32000300,'6740aa73-5c15-4ada-bae1-0581627d255c',1756,,748,21,,,0,55,,748,78,,,0,44,,751,21,,,0,56,,751,78,,,0,31,,749,21,,,0,15,,749,78,,,0,84,,747,21,,,0,16,,747,78,,,0,72,,750,21,,,0,14,,750,78,,,0
32000300,'8b416866-5b6c-451e-b06e-834b3044aa33',1756,,756,21,,,0,55,,756,78,,,0,44,,753,21,,,0,56,,753,78,,,0,31,,752,21,,,0,15,,752,78,,,0,84,,755,21,,,0,16,,755,78,,,0,71,,754,21,,,0,14,,754,78,,,0
32000300,'e187c9ec-e33a-4154-a7ac-3c7006c93e65',1022,,757,21,,,0,15,,757,78,,,0,84,,759,21,,,0,16,,759,78,,,0,71,,761,21,,,0,15,,761,78,,,0,84,,760,21,,,0,16,,760,78,,,0,31,,758,21,,,0,55,,758,78,,,0
32000300,'fe1884a6-717c-4091-95a3-58069f90c1d5',1022,,765,21,,,0,15,,765,78,,,0,84,,773,21,,,0,16,,773,78,,,0,71,,770,21,,,0,15,,770,78,,,0,84,,774,21,,,0,16,,774,78,,,0,31,,769,21,,,0,55,,769,78,,,0,114,,767,21,,,0,16,,767,78,,,0,71,,763,21,,,0,15,,763,78,,,0,84,,772,21,,,0,16,,772,78,,,0,31,,762,21,,,0,55,,762,78,,,0,44,,771,21,,,0,56,,771,78,,,0,31,,766,21,,,0,15,,766,78,,,0,84,,764,21,,,0,16,,764,78,,,0,71,,768,21,,,0,14,,768,78,,,0
320121400000,'1bbe38fd-cc46-40bc-a40a-506639991551',2310,,841,68,,,0,100,,842,68,,,0
320121400000,'8b416866-5b6c-451e-b06e-834b3044aa33',2310,,843,68,,,0,100,,844,68,,,0
320121400001,'1bbe38fd-cc46-40bc-a40a-506639991551',2319,,847,68,,,0
320121400001,'8b416866-5b6c-451e-b06e-834b3044aa33',2319,,850,68,,,0
