1000000,'002e9040-347b-4d67-99ad-91f095cd5be5',635,,527,307,,,0,100,,525,307,,,0,100,,530,307,,,0,100,,524,307,,,0,100,,528,307,,,0,100,,532,307,,,0,100,,531,307,,,0,100,,526,307,,,0,100,,529,307,,,0,100,,534,307,,,0,100,,533,307,,,0,100,,535,307,,,0
1000000,'3b3536a6-84e2-41dd-ace2-34555d61bc26',635,,536,307,,,0,100,,547,307,,,0,100,,542,307,,,0,100,,540,307,,,0,100,,543,307,,,0,100,,538,307,,,0,100,,544,307,,,0,100,,545,307,,,0,100,,546,307,,,0,100,,537,307,,,0,100,,541,307,,,0,100,,539,307,,,0
1000000,'6740aa73-5c15-4ada-bae1-0581627d255c',635,,552,307,,,0,100,,557,307,,,0,100,,551,307,,,0,100,,549,307,,,0,100,,553,307,,,0,100,,554,307,,,0,100,,559,307,,,0,100,,555,307,,,0,100,,548,307,,,0,100,,556,307,,,0,100,,560,307,,,0,100,,550,307,,,0,100,,558,307,,,0
1000000,'8b416866-5b6c-451e-b06e-834b3044aa33',635,,573,307,,,0,100,,568,307,,,0,100,,565,307,,,0,100,,563,307,,,0,100,,571,307,,,0,100,,566,307,,,0,100,,567,307,,,0,100,,564,307,,,0,100,,570,307,,,0,100,,562,307,,,0,100,,561,307,,,0,100,,572,307,,,0,100,,569,307,,,0
2000000,'002e9040-347b-4d67-99ad-91f095cd5be5',623,,579,204,,,0,100,,581,204,,,0,100,,583,204,,,0,100,,580,204,,,0,100,,576,204,,,0,100,,577,204,,,0,100,,575,204,,,0,100,,584,204,,,0,100,,585,204,,,0,100,,578,204,,,0,100,,582,204,,,0,100,,574,204,,,0
2000000,'3b3536a6-84e2-41dd-ace2-34555d61bc26',623,,597,204,,,0,100,,589,204,,,0,100,,593,204,,,0,100,,588,204,,,0,100,,587,204,,,0,100,,596,204,,,0,100,,594,204,,,0,100,,592,204,,,0,100,,595,204,,,0,100,,586,204,,,0,100,,590,204,,,0,100,,591,204,,,0
2000000,'6740aa73-5c15-4ada-bae1-0581627d255c',623,,610,204,,,0,100,,609,204,,,0,100,,605,204,,,0,100,,599,204,,,0,100,,608,204,,,0,100,,602,204,,,0,100,,603,204,,,0,100,,600,204,,,0,100,,598,204,,,0,100,,601,204,,,0,100,,606,204,,,0,100,,604,204,,,0,100,,607,204,,,0
2000000,'8b416866-5b6c-451e-b06e-834b3044aa33',623,,615,204,,,0,100,,623,204,,,0,100,,617,204,,,0,100,,613,204,,,0,100,,616,204,,,0,100,,621,204,,,0,100,,618,204,,,0,100,,612,204,,,0,100,,622,204,,,0,100,,614,204,,,0,100,,619,204,,,0,100,,611,204,,,0,100,,620,204,,,0
1019200000,'1bbe38fd-cc46-40bc-a40a-506639991551',935,,798,305,,,0,100,,799,305,,,0,100,,796,305,,,0,100,,793,305,,,0,100,,795,305,,,0,100,,794,305,,,0,100,,797,305,,,0
1019200000,'5e4af7a9-571b-4a0c-a0b1-3b124e00562a',935,,806,305,,,0,100,,801,305,,,0,100,,802,305,,,0,100,,804,305,,,0,100,,805,305,,,0,100,,803,305,,,0,100,,800,305,,,0
1019200000,'fe1884a6-717c-4091-95a3-58069f90c1d5',935,,808,305,,,0,100,,809,305,,,0,100,,810,305,,,0,100,,813,305,,,0,100,,811,305,,,0,100,,812,305,,,0,100,,807,305,,,0
1019200001,'1bbe38fd-cc46-40bc-a40a-506639991551',1635,,814,305,,,0
1019200001,'5e4af7a9-571b-4a0c-a0b1-3b124e00562a',1635,,815,305,,,0
1019200001,'fe1884a6-717c-4091-95a3-58069f90c1d5',1635,,816,305,,,0
2019200000,'1bbe38fd-cc46-40bc-a40a-506639991551',1023,,822,202,,,0,100,,820,202,,,0,100,,821,202,,,0,100,,818,202,,,0,100,,819,202,,,0,100,,817,202,,,0,100,,823,202,,,0
2019200000,'5e4af7a9-571b-4a0c-a0b1-3b124e00562a',1023,,830,202,,,0,100,,825,202,,,0,100,,824,202,,,0,100,,826,202,,,0,100,,827,202,,,0,100,,829,202,,,0,100,,828,202,,,0
2019200000,'fe1884a6-717c-4091-95a3-58069f90c1d5',1023,,836,202,,,0,100,,831,202,,,0,100,,832,202,,,0,100,,835,202,,,0,100,,833,202,,,0,100,,837,202,,,0,100,,834,202,,,0
2019200001,'1bbe38fd-cc46-40bc-a40a-506639991551',923,,838,247,,,0
2019200001,'5e4af7a9-571b-4a0c-a0b1-3b124e00562a',923,,839,247,,,0
2019200001,'fe1884a6-717c-4091-95a3-58069f90c1d5',923,,840,247,,,0
