1000000,'002e9040-347b-4d67-99ad-91f095cd5be5',631,,527,280,,,0,100,,525,280,,,0,100,,530,280,,,0,100,,524,280,,,0,100,,528,280,,,0,100,,532,280,,,0,100,,531,280,,,0,100,,526,280,,,0,100,,529,280,,,0,100,,534,280,,,0,100,,533,280,,,0,100,,535,280,,,0
1000000,'3b3536a6-84e2-41dd-ace2-34555d61bc26',631,,536,280,,,0,100,,547,280,,,0,100,,542,280,,,0,100,,540,280,,,0,100,,543,280,,,0,100,,538,280,,,0,100,,544,280,,,0,100,,545,280,,,0,100,,546,280,,,0,100,,537,280,,,0,100,,541,280,,,0,100,,539,280,,,0
1000000,'6740aa73-5c15-4ada-bae1-0581627d255c',631,,552,280,,,0,100,,557,280,,,0,100,,551,280,,,0,100,,549,280,,,0,100,,553,280,,,0,100,,554,280,,,0,100,,559,280,,,0,100,,555,280,,,0,100,,548,280,,,0,100,,556,280,,,0,100,,560,280,,,0,100,,550,280,,,0,100,,558,280,,,0
1000000,'8b416866-5b6c-451e-b06e-834b3044aa33',631,,573,280,,,0,100,,568,280,,,0,100,,565,280,,,0,100,,563,280,,,0,100,,571,280,,,0,100,,566,280,,,0,100,,567,280,,,0,100,,564,280,,,0,100,,570,280,,,0,100,,562,280,,,0,100,,561,280,,,0,100,,572,280,,,0,100,,569,280,,,0
1019200000,'1bbe38fd-cc46-40bc-a40a-506639991551',931,,798,278,,,0,100,,799,278,,,0,100,,796,278,,,0,100,,793,278,,,0,100,,795,278,,,0,100,,794,278,,,0,100,,797,278,,,0
1019200000,'5e4af7a9-571b-4a0c-a0b1-3b124e00562a',931,,806,278,,,0,100,,801,278,,,0,100,,802,278,,,0,100,,804,278,,,0,100,,805,278,,,0,100,,803,278,,,0,100,,800,278,,,0
1019200000,'fe1884a6-717c-4091-95a3-58069f90c1d5',931,,808,278,,,0,100,,809,278,,,0,100,,810,278,,,0,100,,813,278,,,0,100,,811,278,,,0,100,,812,278,,,0,100,,807,278,,,0
1019200001,'1bbe38fd-cc46-40bc-a40a-506639991551',1631,,814,278,,,0
1019200001,'5e4af7a9-571b-4a0c-a0b1-3b124e00562a',1631,,815,278,,,0
1019200001,'fe1884a6-717c-4091-95a3-58069f90c1d5',1631,,816,278,,,0
