2000000,'002e9040-347b-4d67-99ad-91f095cd5be5',600,,579,77,,,0,100,,581,77,,,0,100,,583,77,,,0,100,,580,77,,,0,100,,576,77,,,0,100,,577,77,,,0,100,,575,77,,,0,100,,584,77,,,0,100,,585,77,,,0,100,,578,77,,,0,100,,582,77,,,0,100,,574,77,,,0
2000000,'3b3536a6-84e2-41dd-ace2-34555d61bc26',600,,597,77,,,0,100,,589,77,,,0,100,,593,77,,,0,100,,588,77,,,0,100,,587,77,,,0,100,,596,77,,,0,100,,594,77,,,0,100,,592,77,,,0,100,,595,77,,,0,100,,586,77,,,0,100,,590,77,,,0,100,,591,77,,,0
2000000,'6740aa73-5c15-4ada-bae1-0581627d255c',600,,610,77,,,0,100,,609,77,,,0,100,,605,77,,,0,100,,599,77,,,0,100,,608,77,,,0,100,,602,77,,,0,100,,603,77,,,0,100,,600,77,,,0,100,,598,77,,,0,100,,601,77,,,0,100,,606,77,,,0,100,,604,77,,,0,100,,607,77,,,0
2000000,'8b416866-5b6c-451e-b06e-834b3044aa33',600,,615,77,,,0,100,,623,77,,,0,100,,617,77,,,0,100,,613,77,,,0,100,,616,77,,,0,100,,621,77,,,0,100,,618,77,,,0,100,,612,77,,,0,100,,622,77,,,0,100,,614,77,,,0,100,,619,77,,,0,100,,611,77,,,0,100,,620,77,,,0
3000000,'002e9040-347b-4d67-99ad-91f095cd5be5',850,,628,155,,,0,100,,629,155,,,0,100,,624,155,,,0,100,,625,155,,,0,100,,627,155,,,0,100,,626,155,,,0
3000000,'3b3536a6-84e2-41dd-ace2-34555d61bc26',850,,631,155,,,0,100,,633,155,,,0,100,,632,155,,,0,100,,630,155,,,0,100,,635,155,,,0,100,,634,155,,,0
3000000,'6740aa73-5c15-4ada-bae1-0581627d255c',850,,639,155,,,0,100,,636,155,,,0,100,,640,155,,,0,100,,638,155,,,0,100,,641,155,,,0,100,,637,155,,,0
3000000,'8b416866-5b6c-451e-b06e-834b3044aa33',850,,646,155,,,0,100,,642,155,,,0,100,,644,155,,,0,100,,645,155,,,0,100,,647,155,,,0,100,,643,155,,,0
300000100,'002e9040-347b-4d67-99ad-91f095cd5be5',652,,777,185,,,0,100,,778,185,,,0,800,,775,185,,,0,100,,776,185,,,0
300000100,'3b3536a6-84e2-41dd-ace2-34555d61bc26',652,,780,185,,,0,100,,779,185,,,0
300000100,'6740aa73-5c15-4ada-bae1-0581627d255c',652,,784,185,,,0,100,,783,185,,,0,800,,781,185,,,0,100,,782,185,,,0
300000100,'8b416866-5b6c-451e-b06e-834b3044aa33',652,,788,185,,,0,100,,787,185,,,0,800,,786,185,,,0,100,,785,185,,,0
2019200000,'1bbe38fd-cc46-40bc-a40a-506639991551',1000,,822,75,,,0,100,,820,75,,,0,100,,821,75,,,0,100,,818,75,,,0,100,,819,75,,,0,100,,817,75,,,0,100,,823,75,,,0
2019200000,'5e4af7a9-571b-4a0c-a0b1-3b124e00562a',1000,,830,75,,,0,100,,825,75,,,0,100,,824,75,,,0,100,,826,75,,,0,100,,827,75,,,0,100,,829,75,,,0,100,,828,75,,,0
2019200000,'fe1884a6-717c-4091-95a3-58069f90c1d5',1000,,836,75,,,0,100,,831,75,,,0,100,,832,75,,,0,100,,835,75,,,0,100,,833,75,,,0,100,,837,75,,,0,100,,834,75,,,0
2019200001,'1bbe38fd-cc46-40bc-a40a-506639991551',900,,838,73,,,0
2019200001,'5e4af7a9-571b-4a0c-a0b1-3b124e00562a',900,,839,73,,,0
2019200001,'fe1884a6-717c-4091-95a3-58069f90c1d5',900,,840,73,,,0
