1000000,'002e9040-347b-4d67-99ad-91f095cd5be5',602,,527,64,,,0,100,,525,64,,,0,100,,530,64,,,0,100,,524,64,,,0,100,,528,64,,,0,100,,532,64,,,0,100,,531,64,,,0,100,,526,64,,,0,100,,529,64,,,0,100,,534,64,,,0,100,,533,64,,,0,100,,535,64,,,0
1000000,'3b3536a6-84e2-41dd-ace2-34555d61bc26',602,,536,64,,,0,100,,547,64,,,0,100,,542,64,,,0,100,,540,64,,,0,100,,543,64,,,0,100,,538,64,,,0,100,,544,64,,,0,100,,545,64,,,0,100,,546,64,,,0,100,,537,64,,,0,100,,541,64,,,0,100,,539,64,,,0
1000000,'6740aa73-5c15-4ada-bae1-0581627d255c',602,,552,64,,,0,100,,557,64,,,0,100,,551,64,,,0,100,,549,64,,,0,100,,553,64,,,0,100,,554,64,,,0,100,,559,64,,,0,100,,555,64,,,0,100,,548,64,,,0,100,,556,64,,,0,100,,560,64,,,0,100,,550,64,,,0,100,,558,64,,,0
1000000,'8b416866-5b6c-451e-b06e-834b3044aa33',602,,573,64,,,0,100,,568,64,,,0,100,,565,64,,,0,100,,563,64,,,0,100,,571,64,,,0,100,,566,64,,,0,100,,567,64,,,0,100,,564,64,,,0,100,,570,64,,,0,100,,562,64,,,0,100,,561,64,,,0,100,,572,64,,,0,100,,569,64,,,0
1019200000,'1bbe38fd-cc46-40bc-a40a-506639991551',902,,798,64,,,0,100,,799,64,,,0,100,,796,64,,,0,100,,793,64,,,0,100,,795,64,,,0,100,,794,64,,,0,100,,797,64,,,0
1019200000,'5e4af7a9-571b-4a0c-a0b1-3b124e00562a',902,,806,64,,,0,100,,801,64,,,0,100,,802,64,,,0,100,,804,64,,,0,100,,805,64,,,0,100,,803,64,,,0,100,,800,64,,,0
1019200000,'fe1884a6-717c-4091-95a3-58069f90c1d5',902,,808,64,,,0,100,,809,64,,,0,100,,810,64,,,0,100,,813,64,,,0,100,,811,64,,,0,100,,812,64,,,0,100,,807,64,,,0
1019200001,'1bbe38fd-cc46-40bc-a40a-506639991551',1602,,814,64,,,0
1019200001,'5e4af7a9-571b-4a0c-a0b1-3b124e00562a',1602,,815,64,,,0
1019200001,'fe1884a6-717c-4091-95a3-58069f90c1d5',1602,,816,64,,,0
