1000000,'002e9040-347b-4d67-99ad-91f095cd5be5',623,,527,232,,,0,100,,525,232,,,0,100,,530,232,,,0,100,,524,232,,,0,100,,528,232,,,0,100,,532,232,,,0,100,,531,232,,,0,100,,526,232,,,0,100,,529,232,,,0,100,,534,232,,,0,100,,533,232,,,0,100,,535,232,,,0
1000000,'3b3536a6-84e2-41dd-ace2-34555d61bc26',623,,536,232,,,0,100,,547,232,,,0,100,,542,232,,,0,100,,540,232,,,0,100,,543,232,,,0,100,,538,232,,,0,100,,544,232,,,0,100,,545,232,,,0,100,,546,232,,,0,100,,537,232,,,0,100,,541,232,,,0,100,,539,232,,,0
1000000,'6740aa73-5c15-4ada-bae1-0581627d255c',623,,552,232,,,0,100,,557,232,,,0,100,,551,232,,,0,100,,549,232,,,0,100,,553,232,,,0,100,,554,232,,,0,100,,559,232,,,0,100,,555,232,,,0,100,,548,232,,,0,100,,556,232,,,0,100,,560,232,,,0,100,,550,232,,,0,100,,558,232,,,0
1000000,'8b416866-5b6c-451e-b06e-834b3044aa33',623,,573,232,,,0,100,,568,232,,,0,100,,565,232,,,0,100,,563,232,,,0,100,,571,232,,,0,100,,566,232,,,0,100,,567,232,,,0,100,,564,232,,,0,100,,570,232,,,0,100,,562,232,,,0,100,,561,232,,,0,100,,572,232,,,0,100,,569,232,,,0
1019200000,'1bbe38fd-cc46-40bc-a40a-506639991551',923,,798,231,,,0,100,,799,231,,,0,100,,796,231,,,0,100,,793,231,,,0,100,,795,231,,,0,100,,794,231,,,0,100,,797,231,,,0
1019200000,'5e4af7a9-571b-4a0c-a0b1-3b124e00562a',923,,806,231,,,0,100,,801,231,,,0,100,,802,231,,,0,100,,804,231,,,0,100,,805,231,,,0,100,,803,231,,,0,100,,800,231,,,0
1019200000,'fe1884a6-717c-4091-95a3-58069f90c1d5',923,,808,231,,,0,100,,809,231,,,0,100,,810,231,,,0,100,,813,231,,,0,100,,811,231,,,0,100,,812,231,,,0,100,,807,231,,,0
1019200001,'1bbe38fd-cc46-40bc-a40a-506639991551',1623,,814,231,,,0
1019200001,'5e4af7a9-571b-4a0c-a0b1-3b124e00562a',1623,,815,231,,,0
1019200001,'fe1884a6-717c-4091-95a3-58069f90c1d5',1623,,816,231,,,0
