2000000,'002e9040-347b-4d67-99ad-91f095cd5be5',606,,579,100,,,0,100,,581,100,,,0,100,,583,100,,,0,100,,580,100,,,0,100,,576,100,,,0,100,,577,100,,,0,100,,575,100,,,0,100,,584,100,,,0,100,,585,100,,,0,100,,578,100,,,0,100,,582,100,,,0,100,,574,100,,,0
2000000,'3b3536a6-84e2-41dd-ace2-34555d61bc26',606,,597,100,,,0,100,,589,100,,,0,100,,593,100,,,0,100,,588,100,,,0,100,,587,100,,,0,100,,596,100,,,0,100,,594,100,,,0,100,,592,100,,,0,100,,595,100,,,0,100,,586,100,,,0,100,,590,100,,,0,100,,591,100,,,0
2000000,'6740aa73-5c15-4ada-bae1-0581627d255c',606,,610,100,,,0,100,,609,100,,,0,100,,605,100,,,0,100,,599,100,,,0,100,,608,100,,,0,100,,602,100,,,0,100,,603,100,,,0,100,,600,100,,,0,100,,598,100,,,0,100,,601,100,,,0,100,,606,100,,,0,100,,604,100,,,0,100,,607,100,,,0
2000000,'8b416866-5b6c-451e-b06e-834b3044aa33',606,,615,100,,,0,100,,623,100,,,0,100,,617,100,,,0,100,,613,100,,,0,100,,616,100,,,0,100,,621,100,,,0,100,,618,100,,,0,100,,612,100,,,0,100,,622,100,,,0,100,,614,100,,,0,100,,619,100,,,0,100,,611,100,,,0,100,,620,100,,,0
2019200000,'1bbe38fd-cc46-40bc-a40a-506639991551',1006,,822,98,,,0,100,,820,98,,,0,100,,821,98,,,0,100,,818,98,,,0,100,,819,98,,,0,100,,817,98,,,0,100,,823,98,,,0
2019200000,'5e4af7a9-571b-4a0c-a0b1-3b124e00562a',1006,,830,98,,,0,100,,825,98,,,0,100,,824,98,,,0,100,,826,98,,,0,100,,827,98,,,0,100,,829,98,,,0,100,,828,98,,,0
2019200000,'fe1884a6-717c-4091-95a3-58069f90c1d5',1006,,836,98,,,0,100,,831,98,,,0,100,,832,98,,,0,100,,835,98,,,0,100,,833,98,,,0,100,,837,98,,,0,100,,834,98,,,0
2019200001,'1bbe38fd-cc46-40bc-a40a-506639991551',902,,838,96,,,0
2019200001,'5e4af7a9-571b-4a0c-a0b1-3b124e00562a',902,,839,96,,,0
2019200001,'fe1884a6-717c-4091-95a3-58069f90c1d5',902,,840,96,,,0
