1000000,'002e9040-347b-4d67-99ad-91f095cd5be5',616,,527,180,,,0,100,,525,180,,,0,100,,530,180,,,0,100,,524,180,,,0,100,,528,180,,,0,100,,532,180,,,0,100,,531,180,,,0,100,,526,180,,,0,100,,529,180,,,0,100,,534,180,,,0,100,,533,180,,,0,100,,535,180,,,0
1000000,'3b3536a6-84e2-41dd-ace2-34555d61bc26',616,,536,180,,,0,100,,547,180,,,0,100,,542,180,,,0,100,,540,180,,,0,100,,543,180,,,0,100,,538,180,,,0,100,,544,180,,,0,100,,545,180,,,0,100,,546,180,,,0,100,,537,180,,,0,100,,541,180,,,0,100,,539,180,,,0
1000000,'6740aa73-5c15-4ada-bae1-0581627d255c',616,,552,180,,,0,100,,557,180,,,0,100,,551,180,,,0,100,,549,180,,,0,100,,553,180,,,0,100,,554,180,,,0,100,,559,180,,,0,100,,555,180,,,0,100,,548,180,,,0,100,,556,180,,,0,100,,560,180,,,0,100,,550,180,,,0,100,,558,180,,,0
1000000,'8b416866-5b6c-451e-b06e-834b3044aa33',616,,573,180,,,0,100,,568,180,,,0,100,,565,180,,,0,100,,563,180,,,0,100,,571,180,,,0,100,,566,180,,,0,100,,567,180,,,0,100,,564,180,,,0,100,,570,180,,,0,100,,562,180,,,0,100,,561,180,,,0,100,,572,180,,,0,100,,569,180,,,0
1019200000,'1bbe38fd-cc46-40bc-a40a-506639991551',916,,798,179,,,0,100,,799,179,,,0,100,,796,179,,,0,100,,793,179,,,0,100,,795,179,,,0,100,,794,179,,,0,100,,797,179,,,0
1019200000,'5e4af7a9-571b-4a0c-a0b1-3b124e00562a',916,,806,179,,,0,100,,801,179,,,0,100,,802,179,,,0,100,,804,179,,,0,100,,805,179,,,0,100,,803,179,,,0,100,,800,179,,,0
1019200000,'fe1884a6-717c-4091-95a3-58069f90c1d5',916,,808,179,,,0,100,,809,179,,,0,100,,810,179,,,0,100,,813,179,,,0,100,,811,179,,,0,100,,812,179,,,0,100,,807,179,,,0
1019200001,'1bbe38fd-cc46-40bc-a40a-506639991551',1616,,814,179,,,0
1019200001,'5e4af7a9-571b-4a0c-a0b1-3b124e00562a',1616,,815,179,,,0
1019200001,'fe1884a6-717c-4091-95a3-58069f90c1d5',1616,,816,179,,,0
