32000100,'002e9040-347b-4d67-99ad-91f095cd5be5',643,,650,7,,,0,199,,648,7,,,0,270,,649,7,,,0,330,,651,7,,,0,200,,652,7,,,0
32000100,'3b3536a6-84e2-41dd-ace2-34555d61bc26',643,,654,7,,,0,200,,657,7,,,0,270,,656,7,,,0,330,,655,7,,,0,200,,658,7,,,0,270,,653,7,,,0
32000100,'6740aa73-5c15-4ada-bae1-0581627d255c',643,,662,7,,,0,200,,660,7,,,0,270,,659,7,,,0,330,,664,7,,,0,199,,663,7,,,0,271,,661,7,,,0
32000100,'8b416866-5b6c-451e-b06e-834b3044aa33',643,,667,7,,,0,200,,665,7,,,0,270,,670,7,,,0,330,,669,7,,,0,199,,668,7,,,0,271,,666,7,,,0
32000300,'1bbe38fd-cc46-40bc-a40a-506639991551',1018,,740,4,,,0,99,,744,4,,,0,87,,737,4,,,0,99,,742,4,,,0,47,,746,4,,,0,169,,743,4,,,0,87,,735,4,,,0,99,,745,4,,,0,47,,736,4,,,0,99,,734,4,,,0,87,,739,4,,,0,99,,738,4,,,0,87,,741,4,,,0
32000300,'6740aa73-5c15-4ada-bae1-0581627d255c',1752,,748,4,,,0,99,,751,4,,,0,87,,749,4,,,0,99,,747,4,,,0,88,,750,4,,,0
32000300,'8b416866-5b6c-451e-b06e-834b3044aa33',1752,,756,4,,,0,99,,753,4,,,0,87,,752,4,,,0,99,,755,4,,,0,87,,754,4,,,0
32000300,'e187c9ec-e33a-4154-a7ac-3c7006c93e65',1018,,757,4,,,0,99,,759,4,,,0,87,,761,4,,,0,99,,760,4,,,0,47,,758,4,,,0
32000300,'fe1884a6-717c-4091-95a3-58069f90c1d5',1018,,765,4,,,0,99,,773,4,,,0,87,,770,4,,,0,99,,774,4,,,0,47,,769,4,,,0,169,,767,4,,,0,87,,763,4,,,0,99,,772,4,,,0,47,,762,4,,,0,99,,771,4,,,0,87,,766,4,,,0,99,,764,4,,,0,87,,768,4,,,0
320121400000,'1bbe38fd-cc46-40bc-a40a-506639991551',2308,,841,50,,,0,100,,842,50,,,0
320121400000,'8b416866-5b6c-451e-b06e-834b3044aa33',2308,,843,50,,,0,100,,844,50,,,0
320121400001,'1bbe38fd-cc46-40bc-a40a-506639991551',2317,,847,50,,,0
320121400001,'8b416866-5b6c-451e-b06e-834b3044aa33',2317,,850,50,,,0
