32000101,'002e9040-347b-4d67-99ad-91f095cd5be5',603,,674,139,,,0,200,,673,139,,,0,230,,672,139,,,0,570,,671,139,,,0
32000101,'3b3536a6-84e2-41dd-ace2-34555d61bc26',603,,675,139,,,0,200,,676,139,,,0,230,,679,139,,,0,370,,678,139,,,0,200,,680,139,,,0,230,,677,139,,,0
32000101,'6740aa73-5c15-4ada-bae1-0581627d255c',603,,682,139,,,0,200,,681,139,,,0,230,,684,139,,,0,370,,683,139,,,0,200,,685,139,,,0,230,,686,139,,,0
32000101,'8b416866-5b6c-451e-b06e-834b3044aa33',603,,688,139,,,0,200,,690,139,,,0,230,,687,139,,,0,370,,692,139,,,0,200,,689,139,,,0,230,,691,139,,,0
32000200,'1bbe38fd-cc46-40bc-a40a-506639991551',1131,,693,172,,,0,186,,694,172,,,0,216,,696,172,,,0,186,,697,172,,,0,186,,698,172,,,0,146,,695,172,,,0
32000200,'6740aa73-5c15-4ada-bae1-0581627d255c',1905,,700,172,,,0,146,,699,172,,,0
32000200,'8b416866-5b6c-451e-b06e-834b3044aa33',1905,,701,172,,,0,146,,702,172,,,0
32000200,'e187c9ec-e33a-4154-a7ac-3c7006c93e65',1131,,703,172,,,0,186,,704,172,,,0
32000200,'fe1884a6-717c-4091-95a3-58069f90c1d5',1131,,707,172,,,0,186,,706,172,,,0,216,,709,172,,,0,186,,708,172,,,0,186,,710,172,,,0,146,,705,172,,,0
32000201,'1bbe38fd-cc46-40bc-a40a-506639991551',1031,,712,87,,,0,186,,717,87,,,0,186,,711,87,,,0,216,,714,87,,,0,186,,713,87,,,0,146,,716,87,,,0,186,,715,87,,,0
32000201,'6740aa73-5c15-4ada-bae1-0581627d255c',1805,,718,87,,,0,146,,719,87,,,0,186,,720,87,,,0
32000201,'8b416866-5b6c-451e-b06e-834b3044aa33',1805,,721,87,,,0,146,,722,87,,,0,186,,723,87,,,0
32000201,'e187c9ec-e33a-4154-a7ac-3c7006c93e65',1031,,725,87,,,0,186,,726,87,,,0,186,,724,87,,,0
32000201,'fe1884a6-717c-4091-95a3-58069f90c1d5',1031,,728,87,,,0,186,,733,87,,,0,186,,729,87,,,0,216,,727,87,,,0,186,,731,87,,,0,146,,730,87,,,0,186,,732,87,,,0
32000300,'1bbe38fd-cc46-40bc-a40a-506639991551',1031,,740,55,,,0,100,,744,55,,,0,86,,737,55,,,0,100,,742,55,,,0,86,,746,55,,,0,130,,743,55,,,0,86,,735,55,,,0,100,,745,55,,,0,86,,736,55,,,0,100,,734,55,,,0,46,,739,55,,,0,100,,738,55,,,0,86,,741,55,,,0
32000300,'6740aa73-5c15-4ada-bae1-0581627d255c',1805,,748,55,,,0,100,,751,55,,,0,46,,749,55,,,0,100,,747,55,,,0,88,,750,55,,,0
32000300,'8b416866-5b6c-451e-b06e-834b3044aa33',1805,,756,55,,,0,100,,753,55,,,0,46,,752,55,,,0,100,,755,55,,,0,86,,754,55,,,0
32000300,'e187c9ec-e33a-4154-a7ac-3c7006c93e65',1031,,757,55,,,0,100,,759,55,,,0,86,,761,55,,,0,100,,760,55,,,0,86,,758,55,,,0
32000300,'fe1884a6-717c-4091-95a3-58069f90c1d5',1031,,765,55,,,0,100,,773,55,,,0,86,,770,55,,,0,100,,774,55,,,0,86,,769,55,,,0,130,,767,55,,,0,86,,763,55,,,0,100,,772,55,,,0,86,,762,55,,,0,100,,771,55,,,0,46,,766,55,,,0,100,,764,55,,,0,86,,768,55,,,0
