32000101,'002e9040-347b-4d67-99ad-91f095cd5be5',637,,674,299,,,0,200,,673,299,,,0,270,,672,299,,,0,530,,671,299,,,0
32000101,'3b3536a6-84e2-41dd-ace2-34555d61bc26',637,,675,299,,,0,200,,676,299,,,0,270,,679,299,,,0,330,,678,299,,,0,200,,680,299,,,0,270,,677,299,,,0
32000101,'6740aa73-5c15-4ada-bae1-0581627d255c',637,,682,299,,,0,200,,681,299,,,0,270,,684,299,,,0,330,,683,299,,,0,200,,685,299,,,0,270,,686,299,,,0
32000101,'8b416866-5b6c-451e-b06e-834b3044aa33',637,,688,299,,,0,200,,690,299,,,0,270,,687,299,,,0,330,,692,299,,,0,200,,689,299,,,0,270,,691,299,,,0
32000300,'1bbe38fd-cc46-40bc-a40a-506639991551',1101,,740,153,,,0,100,,744,153,,,0,46,,737,153,,,0,100,,742,153,,,0,86,,746,153,,,0,170,,743,153,,,0,46,,735,153,,,0,100,,745,153,,,0,86,,736,153,,,0,100,,734,153,,,0,86,,739,153,,,0,100,,738,153,,,0
32000300,'6740aa73-5c15-4ada-bae1-0581627d255c',1835,,748,153,,,0,100,,751,153,,,0,86,,749,153,,,0,100,,747,153,,,0
32000300,'8b416866-5b6c-451e-b06e-834b3044aa33',1835,,756,153,,,0,99,,753,153,,,0,87,,752,153,,,0,100,,755,153,,,0
32000300,'e187c9ec-e33a-4154-a7ac-3c7006c93e65',1101,,757,153,,,0,100,,759,153,,,0,46,,761,153,,,0,100,,760,153,,,0,86,,758,153,,,0
32000300,'fe1884a6-717c-4091-95a3-58069f90c1d5',1101,,765,153,,,0,100,,773,153,,,0,46,,770,153,,,0,100,,774,153,,,0,86,,769,153,,,0,170,,767,153,,,0,46,,763,153,,,0,100,,772,153,,,0,86,,762,153,,,0,100,,771,153,,,0,86,,766,153,,,0,100,,764,153,,,0
320121400000,'1bbe38fd-cc46-40bc-a40a-506639991551',2306,,841,39,,,0,100,,842,39,,,0
320121400000,'8b416866-5b6c-451e-b06e-834b3044aa33',2306,,843,39,,,0,100,,844,39,,,0
320121400001,'1bbe38fd-cc46-40bc-a40a-506639991551',2316,,847,39,,,0
320121400001,'8b416866-5b6c-451e-b06e-834b3044aa33',2316,,850,39,,,0
