32000101,'002e9040-347b-4d67-99ad-91f095cd5be5',626,,674,263,,,0,200,,673,263,,,0,230,,672,263,,,0,570,,671,263,,,0
32000101,'3b3536a6-84e2-41dd-ace2-34555d61bc26',626,,675,263,,,0,200,,676,263,,,0,230,,679,263,,,0,370,,678,263,,,0,200,,680,263,,,0,230,,677,263,,,0
32000101,'6740aa73-5c15-4ada-bae1-0581627d255c',626,,682,263,,,0,200,,681,263,,,0,230,,684,263,,,0,370,,683,263,,,0,200,,685,263,,,0,230,,686,263,,,0
32000101,'8b416866-5b6c-451e-b06e-834b3044aa33',626,,688,263,,,0,200,,690,263,,,0,230,,687,263,,,0,370,,692,263,,,0,200,,689,263,,,0,230,,691,263,,,0
32000300,'1bbe38fd-cc46-40bc-a40a-506639991551',1056,,740,146,,,0,100,,744,146,,,0,86,,737,146,,,0,100,,742,146,,,0,86,,746,146,,,0,130,,743,146,,,0,86,,735,146,,,0,100,,745,146,,,0,86,,736,146,,,0,100,,734,146,,,0,86,,739,146,,,0,100,,738,146,,,0
32000300,'6740aa73-5c15-4ada-bae1-0581627d255c',1830,,748,146,,,0,100,,751,146,,,0,86,,749,146,,,0,100,,747,146,,,0
32000300,'8b416866-5b6c-451e-b06e-834b3044aa33',1830,,756,146,,,0,100,,753,146,,,0,86,,752,146,,,0,100,,755,146,,,0
32000300,'e187c9ec-e33a-4154-a7ac-3c7006c93e65',1056,,757,146,,,0,100,,759,146,,,0,86,,761,146,,,0,100,,760,146,,,0,86,,758,146,,,0
32000300,'fe1884a6-717c-4091-95a3-58069f90c1d5',1056,,765,146,,,0,100,,773,146,,,0,86,,770,146,,,0,100,,774,146,,,0,86,,769,146,,,0,130,,767,146,,,0,86,,763,146,,,0,100,,772,146,,,0,86,,762,146,,,0,100,,771,146,,,0,86,,766,146,,,0,100,,764,146,,,0
320121400000,'1bbe38fd-cc46-40bc-a40a-506639991551',2305,,841,30,,,0,100,,842,30,,,0
320121400000,'8b416866-5b6c-451e-b06e-834b3044aa33',2305,,843,30,,,0,100,,844,30,,,0
320121400001,'1bbe38fd-cc46-40bc-a40a-506639991551',2225,,848,30,0,5,0,10,,846,30,0,5,0,10,,849,30,0,5,0,10,,845,30,0,5,0,60,,847,30,,,0
320121400001,'8b416866-5b6c-451e-b06e-834b3044aa33',2225,,854,30,0,5,0,10,,851,30,0,5,0,10,,853,30,0,5,0,10,,852,30,0,5,0,60,,850,30,,,0
