1000000,'002e9040-347b-4d67-99ad-91f095cd5be5',620,,527,199,,,0,100,,525,199,,,0,100,,530,199,,,0,100,,524,199,,,0,100,,528,199,,,0,100,,532,199,,,0,100,,531,199,,,0,100,,526,199,,,0,100,,529,199,,,0,100,,534,199,,,0,100,,533,199,,,0,100,,535,199,,,0
1000000,'3b3536a6-84e2-41dd-ace2-34555d61bc26',620,,536,199,,,0,100,,547,199,,,0,100,,542,199,,,0,100,,540,199,,,0,100,,543,199,,,0,100,,538,199,,,0,100,,544,199,,,0,100,,545,199,,,0,100,,546,199,,,0,100,,537,199,,,0,100,,541,199,,,0,100,,539,199,,,0
1000000,'6740aa73-5c15-4ada-bae1-0581627d255c',620,,552,199,,,0,100,,557,199,,,0,100,,551,199,,,0,100,,549,199,,,0,100,,553,199,,,0,100,,554,199,,,0,100,,559,199,,,0,100,,555,199,,,0,100,,548,199,,,0,100,,556,199,,,0,100,,560,199,,,0,100,,550,199,,,0,100,,558,199,,,0
1000000,'8b416866-5b6c-451e-b06e-834b3044aa33',620,,573,199,,,0,100,,568,199,,,0,100,,565,199,,,0,100,,563,199,,,0,100,,571,199,,,0,100,,566,199,,,0,100,,567,199,,,0,100,,564,199,,,0,100,,570,199,,,0,100,,562,199,,,0,100,,561,199,,,0,100,,572,199,,,0,100,,569,199,,,0
2000000,'002e9040-347b-4d67-99ad-91f095cd5be5',635,,579,290,,,0,100,,581,290,,,0,100,,583,290,,,0,100,,580,290,,,0,100,,576,290,,,0,100,,577,290,,,0,100,,575,290,,,0,100,,584,290,,,0,100,,585,290,,,0,100,,578,290,,,0,100,,582,290,,,0,100,,574,290,,,0
2000000,'3b3536a6-84e2-41dd-ace2-34555d61bc26',635,,597,290,,,0,100,,589,290,,,0,100,,593,290,,,0,100,,588,290,,,0,100,,587,290,,,0,100,,596,290,,,0,100,,594,290,,,0,100,,592,290,,,0,100,,595,290,,,0,100,,586,290,,,0,100,,590,290,,,0,100,,591,290,,,0
2000000,'6740aa73-5c15-4ada-bae1-0581627d255c',635,,610,290,,,0,100,,609,290,,,0,100,,605,290,,,0,100,,599,290,,,0,100,,608,290,,,0,100,,602,290,,,0,100,,603,290,,,0,100,,600,290,,,0,100,,598,290,,,0,100,,601,290,,,0,100,,606,290,,,0,100,,604,290,,,0,100,,607,290,,,0
2000000,'8b416866-5b6c-451e-b06e-834b3044aa33',635,,615,290,,,0,100,,623,290,,,0,100,,617,290,,,0,100,,613,290,,,0,100,,616,290,,,0,100,,621,290,,,0,100,,618,290,,,0,100,,612,290,,,0,100,,622,290,,,0,100,,614,290,,,0,100,,619,290,,,0,100,,611,290,,,0,100,,620,290,,,0
3000000,'002e9040-347b-4d67-99ad-91f095cd5be5',830,,628,0,,,0,99,,628,306,4,,0,1,,629,0,,,0,99,,629,306,4,,0,1,,624,0,,,0,99,,624,306,4,,0,1,,625,0,,,0,99,,625,306,4,,0,1,,627,0,,,0,99,,627,306,4,,0,1,,626,0,,,0,99,,626,306,4,,0
3000000,'3b3536a6-84e2-41dd-ace2-34555d61bc26',830,,631,0,,,0,99,,631,306,4,,0,1,,633,0,,,0,99,,633,306,4,,0,1,,632,0,,,0,99,,632,306,4,,0,1,,630,0,,,0,99,,630,306,4,,0,1,,635,0,,,0,99,,635,306,4,,0,1,,634,0,,,0,99,,634,306,4,,0
3000000,'6740aa73-5c15-4ada-bae1-0581627d255c',830,,639,0,,,0,99,,639,306,4,,0,1,,636,0,,,0,99,,636,306,4,,0,1,,640,0,,,0,99,,640,306,4,,0,1,,638,0,,,0,99,,638,306,4,,0,1,,641,0,,,0,99,,641,306,4,,0,1,,637,0,,,0,99,,637,306,4,,0
3000000,'8b416866-5b6c-451e-b06e-834b3044aa33',830,,646,0,,,0,99,,646,306,4,,0,1,,642,0,,,0,99,,642,306,4,,0,1,,644,0,,,0,99,,644,306,4,,0,1,,645,0,,,0,99,,645,306,4,,0,1,,647,0,,,0,99,,647,306,4,,0,1,,643,0,,,0,99,,643,306,4,,0
300000100,'002e9040-347b-4d67-99ad-91f095cd5be5',630,,777,0,,,0,99,,777,330,4,,0,1,,778,0,,,0,99,,778,330,4,,0,701,,775,0,,,0,99,,775,330,4,,0,1,,776,0,,,0,99,,776,330,4,,0
300000100,'3b3536a6-84e2-41dd-ace2-34555d61bc26',630,,780,0,,,0,99,,780,330,4,,0,1,,779,0,,,0,99,,779,330,4,,0
300000100,'6740aa73-5c15-4ada-bae1-0581627d255c',630,,784,0,,,0,99,,784,330,4,,0,1,,783,0,,,0,99,,783,330,4,,0,701,,781,0,,,0,99,,781,330,4,,0,1,,782,0,,,0,99,,782,330,4,,0
300000100,'8b416866-5b6c-451e-b06e-834b3044aa33',630,,788,0,,,0,99,,788,330,4,,0,1,,787,0,,,0,99,,787,330,4,,0,701,,786,0,,,0,99,,786,330,4,,0,1,,785,0,,,0,99,,785,330,4,,0
300000101,'002e9040-347b-4d67-99ad-91f095cd5be5',1430,,789,0,,,0,99,,789,286,4,,0
300000101,'3b3536a6-84e2-41dd-ace2-34555d61bc26',1430,,790,0,,,0,99,,790,286,4,,0
300000101,'6740aa73-5c15-4ada-bae1-0581627d255c',1430,,791,0,,,0,99,,791,286,4,,0
300000101,'8b416866-5b6c-451e-b06e-834b3044aa33',1430,,792,0,,,0,99,,792,286,4,,0
1019200000,'1bbe38fd-cc46-40bc-a40a-506639991551',920,,798,198,,,0,100,,799,198,,,0,100,,796,198,,,0,100,,793,198,,,0,100,,795,198,,,0,100,,794,198,,,0,100,,797,198,,,0
1019200000,'5e4af7a9-571b-4a0c-a0b1-3b124e00562a',920,,806,198,,,0,100,,801,198,,,0,100,,802,198,,,0,100,,804,198,,,0,100,,805,198,,,0,100,,803,198,,,0,100,,800,198,,,0
1019200000,'fe1884a6-717c-4091-95a3-58069f90c1d5',920,,808,198,,,0,100,,809,198,,,0,100,,810,198,,,0,100,,813,198,,,0,100,,811,198,,,0,100,,812,198,,,0,100,,807,198,,,0
1019200001,'1bbe38fd-cc46-40bc-a40a-506639991551',1620,,814,198,,,0
1019200001,'5e4af7a9-571b-4a0c-a0b1-3b124e00562a',1620,,815,198,,,0
1019200001,'fe1884a6-717c-4091-95a3-58069f90c1d5',1620,,816,198,,,0
2019200000,'1bbe38fd-cc46-40bc-a40a-506639991551',1035,,822,286,,,0,100,,820,286,,,0,100,,821,286,,,0,100,,818,286,,,0,100,,819,286,,,0,100,,817,286,,,0,100,,823,286,,,0
2019200000,'5e4af7a9-571b-4a0c-a0b1-3b124e00562a',1035,,830,286,,,0,100,,825,286,,,0,100,,824,286,,,0,100,,826,286,,,0,100,,827,286,,,0,100,,829,286,,,0,100,,828,286,,,0
2019200000,'fe1884a6-717c-4091-95a3-58069f90c1d5',1035,,836,286,,,0,100,,831,286,,,0,100,,832,286,,,0,100,,835,286,,,0,100,,833,286,,,0,100,,837,286,,,0,100,,834,286,,,0
2019200001,'1bbe38fd-cc46-40bc-a40a-506639991551',935,,838,329,,,0
2019200001,'5e4af7a9-571b-4a0c-a0b1-3b124e00562a',935,,839,329,,,0
2019200001,'fe1884a6-717c-4091-95a3-58069f90c1d5',935,,840,329,,,0
