2000000,'002e9040-347b-4d67-99ad-91f095cd5be5',623,,579,206,,,0,100,,581,206,,,0,100,,583,206,,,0,100,,580,206,,,0,100,,576,206,,,0,100,,577,206,,,0,100,,575,206,,,0,100,,584,206,,,0,100,,585,206,,,0,100,,578,206,,,0,100,,582,206,,,0,100,,574,206,,,0
2000000,'3b3536a6-84e2-41dd-ace2-34555d61bc26',623,,597,206,,,0,100,,589,206,,,0,100,,593,206,,,0,100,,588,206,,,0,100,,587,206,,,0,100,,596,206,,,0,100,,594,206,,,0,100,,592,206,,,0,100,,595,206,,,0,100,,586,206,,,0,100,,590,206,,,0,100,,591,206,,,0
2000000,'6740aa73-5c15-4ada-bae1-0581627d255c',623,,610,206,,,0,100,,609,206,,,0,100,,605,206,,,0,100,,599,206,,,0,100,,608,206,,,0,100,,602,206,,,0,100,,603,206,,,0,100,,600,206,,,0,100,,598,206,,,0,100,,601,206,,,0,100,,606,206,,,0,100,,604,206,,,0,100,,607,206,,,0
2000000,'8b416866-5b6c-451e-b06e-834b3044aa33',623,,615,206,,,0,100,,623,206,,,0,100,,617,206,,,0,100,,613,206,,,0,100,,616,206,,,0,100,,621,206,,,0,100,,618,206,,,0,100,,612,206,,,0,100,,622,206,,,0,100,,614,206,,,0,100,,619,206,,,0,100,,611,206,,,0,100,,620,206,,,0
2019200000,'1bbe38fd-cc46-40bc-a40a-506639991551',1023,,822,204,,,0,100,,820,204,,,0,100,,821,204,,,0,100,,818,204,,,0,100,,819,204,,,0,100,,817,204,,,0,100,,823,204,,,0
2019200000,'5e4af7a9-571b-4a0c-a0b1-3b124e00562a',1023,,830,204,,,0,100,,825,204,,,0,100,,824,204,,,0,100,,826,204,,,0,100,,827,204,,,0,100,,829,204,,,0,100,,828,204,,,0
2019200000,'fe1884a6-717c-4091-95a3-58069f90c1d5',1023,,836,204,,,0,100,,831,204,,,0,100,,832,204,,,0,100,,835,204,,,0,100,,833,204,,,0,100,,837,204,,,0,100,,834,204,,,0
2019200001,'1bbe38fd-cc46-40bc-a40a-506639991551',923,,838,249,,,0
2019200001,'5e4af7a9-571b-4a0c-a0b1-3b124e00562a',923,,839,249,,,0
2019200001,'fe1884a6-717c-4091-95a3-58069f90c1d5',923,,840,249,,,0
