1000000,'002e9040-347b-4d67-99ad-91f095cd5be5',644,,527,363,,,0,100,,525,363,,,0,100,,530,363,,,0,100,,524,363,,,0,100,,528,363,,,0,100,,532,363,,,0,100,,531,363,,,0,100,,526,363,,,0,100,,529,363,,,0,100,,534,363,,,0,100,,533,363,,,0,100,,535,363,,,0
1000000,'3b3536a6-84e2-41dd-ace2-34555d61bc26',644,,536,363,,,0,100,,547,363,,,0,100,,542,363,,,0,100,,540,363,,,0,100,,543,363,,,0,100,,538,363,,,0,100,,544,363,,,0,100,,545,363,,,0,100,,546,363,,,0,100,,537,363,,,0,100,,541,363,,,0,100,,539,363,,,0
1000000,'6740aa73-5c15-4ada-bae1-0581627d255c',644,,552,363,,,0,100,,557,363,,,0,100,,551,363,,,0,100,,549,363,,,0,100,,553,363,,,0,100,,554,363,,,0,100,,559,363,,,0,100,,555,363,,,0,100,,548,363,,,0,100,,556,363,,,0,100,,560,363,,,0,100,,550,363,,,0,100,,558,363,,,0
1000000,'8b416866-5b6c-451e-b06e-834b3044aa33',644,,573,363,,,0,100,,568,363,,,0,100,,565,363,,,0,100,,563,363,,,0,100,,571,363,,,0,100,,566,363,,,0,100,,567,363,,,0,100,,564,363,,,0,100,,570,363,,,0,100,,562,363,,,0,100,,561,363,,,0,100,,572,363,,,0,100,,569,363,,,0
1019200000,'1bbe38fd-cc46-40bc-a40a-506639991551',944,,798,361,,,0,100,,799,361,,,0,100,,796,361,,,0,100,,793,361,,,0,100,,795,361,,,0,100,,794,361,,,0,100,,797,361,,,0
1019200000,'5e4af7a9-571b-4a0c-a0b1-3b124e00562a',944,,806,361,,,0,100,,801,361,,,0,100,,802,361,,,0,100,,804,361,,,0,100,,805,361,,,0,100,,803,361,,,0,100,,800,361,,,0
1019200000,'fe1884a6-717c-4091-95a3-58069f90c1d5',944,,808,361,,,0,100,,809,361,,,0,100,,810,361,,,0,100,,813,361,,,0,100,,811,361,,,0,100,,812,361,,,0,100,,807,361,,,0
1019200001,'1bbe38fd-cc46-40bc-a40a-506639991551',1643,,814,361,,,0
1019200001,'5e4af7a9-571b-4a0c-a0b1-3b124e00562a',1643,,815,361,,,0
1019200001,'fe1884a6-717c-4091-95a3-58069f90c1d5',1643,,816,361,,,0
