2000000,'002e9040-347b-4d67-99ad-91f095cd5be5',553,,579,51,,,0,100,,581,51,,,0,100,,583,51,,,0,100,,580,51,,,0,100,,576,51,,,0,100,,577,51,,,0,100,,575,51,,,0,100,,584,51,,,0,100,,585,51,,,0,100,,578,51,,,0,100,,582,51,,,0,100,,574,51,,,0
2000000,'3b3536a6-84e2-41dd-ace2-34555d61bc26',553,,597,51,,,0,100,,589,51,,,0,100,,593,51,,,0,100,,588,51,,,0,100,,587,51,,,0,100,,596,51,,,0,100,,594,51,,,0,100,,592,51,,,0,100,,595,51,,,0,100,,586,51,,,0,100,,590,51,,,0,100,,591,51,,,0
2000000,'6740aa73-5c15-4ada-bae1-0581627d255c',553,,610,51,,,0,100,,609,51,,,0,100,,605,51,,,0,100,,599,51,,,0,100,,608,51,,,0,100,,602,51,,,0,100,,603,51,,,0,100,,600,51,,,0,100,,598,51,,,0,100,,601,51,,,0,100,,606,51,,,0,100,,604,51,,,0,100,,607,51,,,0
2000000,'8b416866-5b6c-451e-b06e-834b3044aa33',553,,615,51,,,0,100,,623,51,,,0,100,,617,51,,,0,100,,613,51,,,0,100,,616,51,,,0,100,,621,51,,,0,100,,618,51,,,0,100,,612,51,,,0,100,,622,51,,,0,100,,614,51,,,0,100,,619,51,,,0,100,,611,51,,,0,100,,620,51,,,0
3000000,'002e9040-347b-4d67-99ad-91f095cd5be5',849,,628,152,,,0,100,,629,152,,,0,100,,624,152,,,0,100,,625,152,,,0,100,,627,152,,,0,100,,626,152,,,0
3000000,'3b3536a6-84e2-41dd-ace2-34555d61bc26',849,,631,152,,,0,100,,633,152,,,0,100,,632,152,,,0,100,,630,152,,,0,100,,635,152,,,0,100,,634,152,,,0
3000000,'6740aa73-5c15-4ada-bae1-0581627d255c',849,,639,152,,,0,100,,636,152,,,0,100,,640,152,,,0,100,,638,152,,,0,100,,641,152,,,0,100,,637,152,,,0
3000000,'8b416866-5b6c-451e-b06e-834b3044aa33',849,,646,152,,,0,100,,642,152,,,0,100,,644,152,,,0,100,,645,152,,,0,100,,647,152,,,0,100,,643,152,,,0
2019200000,'1bbe38fd-cc46-40bc-a40a-506639991551',953,,822,49,,,0,100,,820,49,,,0,100,,821,49,,,0,100,,818,49,,,0,100,,819,49,,,0,100,,817,49,,,0,100,,823,49,,,0
2019200000,'5e4af7a9-571b-4a0c-a0b1-3b124e00562a',953,,830,49,,,0,100,,825,49,,,0,100,,824,49,,,0,100,,826,49,,,0,100,,827,49,,,0,100,,829,49,,,0,100,,828,49,,,0
2019200000,'fe1884a6-717c-4091-95a3-58069f90c1d5',953,,836,49,,,0,100,,831,49,,,0,100,,832,49,,,0,100,,835,49,,,0,100,,833,49,,,0,100,,837,49,,,0,100,,834,49,,,0
2019200001,'1bbe38fd-cc46-40bc-a40a-506639991551',853,,838,47,,,0
2019200001,'5e4af7a9-571b-4a0c-a0b1-3b124e00562a',853,,839,47,,,0
2019200001,'fe1884a6-717c-4091-95a3-58069f90c1d5',853,,840,47,,,0
