32000200,'1bbe38fd-cc46-40bc-a40a-506639991551',1140,,693,217,,,0,186,,694,217,,,0,216,,696,217,,,0,186,,697,217,,,0,186,,698,217,,,0,186,,695,217,,,0
32000200,'6740aa73-5c15-4ada-bae1-0581627d255c',1914,,700,217,,,0,186,,699,217,,,0
32000200,'8b416866-5b6c-451e-b06e-834b3044aa33',1914,,701,217,,,0,186,,702,217,,,0
32000200,'e187c9ec-e33a-4154-a7ac-3c7006c93e65',1140,,703,217,,,0,186,,704,217,,,0
32000200,'fe1884a6-717c-4091-95a3-58069f90c1d5',1140,,707,217,,,0,186,,706,217,,,0,216,,709,217,,,0,186,,708,217,,,0,186,,710,217,,,0,186,,705,217,,,0
32000201,'1bbe38fd-cc46-40bc-a40a-506639991551',1022,,712,41,,,0,186,,717,41,,,0,146,,711,41,,,0,256,,714,41,,,0,146,,713,41,,,0,186,,716,41,,,0,186,,715,41,,,0
32000201,'6740aa73-5c15-4ada-bae1-0581627d255c',1756,,718,41,,,0,186,,719,41,,,0,186,,720,41,,,0
32000201,'8b416866-5b6c-451e-b06e-834b3044aa33',1756,,721,41,,,0,186,,722,41,,,0,186,,723,41,,,0
32000201,'e187c9ec-e33a-4154-a7ac-3c7006c93e65',1022,,725,41,,,0,186,,726,41,,,0,146,,724,41,,,0
32000201,'fe1884a6-717c-4091-95a3-58069f90c1d5',1022,,728,41,,,0,186,,733,41,,,0,146,,729,41,,,0,256,,727,41,,,0,146,,731,41,,,0,186,,730,41,,,0,186,,732,41,,,0
320121400000,'1bbe38fd-cc46-40bc-a40a-506639991551',2323,,841,145,,,0,100,,842,145,,,0
320121400000,'8b416866-5b6c-451e-b06e-834b3044aa33',2323,,843,145,,,0,100,,844,145,,,0
