1000000,'002e9040-347b-4d67-99ad-91f095cd5be5',600,,527,35,,,0,100,,525,35,,,0,100,,530,35,,,0,100,,524,35,,,0,100,,528,35,,,0,100,,532,35,,,0,100,,531,35,,,0,100,,526,35,,,0,100,,529,35,,,0,100,,534,35,,,0,100,,533,35,,,0,100,,535,35,,,0
1000000,'3b3536a6-84e2-41dd-ace2-34555d61bc26',600,,536,35,,,0,100,,547,35,,,0,100,,542,35,,,0,100,,540,35,,,0,100,,543,35,,,0,100,,538,35,,,0,100,,544,35,,,0,100,,545,35,,,0,100,,546,35,,,0,100,,537,35,,,0,100,,541,35,,,0,100,,539,35,,,0
1000000,'6740aa73-5c15-4ada-bae1-0581627d255c',600,,552,35,,,0,100,,557,35,,,0,100,,551,35,,,0,100,,549,35,,,0,100,,553,35,,,0,100,,554,35,,,0,100,,559,35,,,0,100,,555,35,,,0,100,,548,35,,,0,100,,556,35,,,0,100,,560,35,,,0,100,,550,35,,,0,100,,558,35,,,0
1000000,'8b416866-5b6c-451e-b06e-834b3044aa33',600,,573,35,,,0,100,,568,35,,,0,100,,565,35,,,0,100,,563,35,,,0,100,,571,35,,,0,100,,566,35,,,0,100,,567,35,,,0,100,,564,35,,,0,100,,570,35,,,0,100,,562,35,,,0,100,,561,35,,,0,100,,572,35,,,0,100,,569,35,,,0
1019200000,'1bbe38fd-cc46-40bc-a40a-506639991551',900,,798,35,,,0,100,,799,35,,,0,100,,796,35,,,0,100,,793,35,,,0,100,,795,35,,,0,100,,794,35,,,0,100,,797,35,,,0
1019200000,'5e4af7a9-571b-4a0c-a0b1-3b124e00562a',900,,806,35,,,0,100,,801,35,,,0,100,,802,35,,,0,100,,804,35,,,0,100,,805,35,,,0,100,,803,35,,,0,100,,800,35,,,0
1019200000,'fe1884a6-717c-4091-95a3-58069f90c1d5',900,,808,35,,,0,100,,809,35,,,0,100,,810,35,,,0,100,,813,35,,,0,100,,811,35,,,0,100,,812,35,,,0,100,,807,35,,,0
1019200001,'1bbe38fd-cc46-40bc-a40a-506639991551',1600,,814,35,,,0
1019200001,'5e4af7a9-571b-4a0c-a0b1-3b124e00562a',1600,,815,35,,,0
1019200001,'fe1884a6-717c-4091-95a3-58069f90c1d5',1600,,816,35,,,0
