1000000,'002e9040-347b-4d67-99ad-91f095cd5be5',652,,527,383,,,0,100,,525,383,,,0,100,,530,383,,,0,100,,524,383,,,0,100,,528,383,,,0,100,,532,383,,,0,100,,531,383,,,0,100,,526,383,,,0,100,,529,383,,,0,100,,534,383,,,0,100,,533,383,,,0,100,,535,383,,,0
1000000,'3b3536a6-84e2-41dd-ace2-34555d61bc26',652,,536,383,,,0,100,,547,383,,,0,100,,542,383,,,0,100,,540,383,,,0,100,,543,383,,,0,100,,538,383,,,0,100,,544,383,,,0,100,,545,383,,,0,100,,546,383,,,0,100,,537,383,,,0,100,,541,383,,,0,100,,539,383,,,0
1000000,'6740aa73-5c15-4ada-bae1-0581627d255c',652,,552,383,,,0,100,,557,383,,,0,100,,551,383,,,0,100,,549,383,,,0,100,,553,383,,,0,100,,554,383,,,0,100,,559,383,,,0,100,,555,383,,,0,100,,548,383,,,0,100,,556,383,,,0,100,,560,383,,,0,100,,550,383,,,0,100,,558,383,,,0
1000000,'8b416866-5b6c-451e-b06e-834b3044aa33',652,,573,383,,,0,100,,568,383,,,0,100,,565,383,,,0,100,,563,383,,,0,100,,571,383,,,0,100,,566,383,,,0,100,,567,383,,,0,100,,564,383,,,0,100,,570,383,,,0,100,,562,383,,,0,100,,561,383,,,0,100,,572,383,,,0,100,,569,383,,,0
1019200000,'1bbe38fd-cc46-40bc-a40a-506639991551',952,,798,381,,,0,100,,799,381,,,0,100,,796,381,,,0,100,,793,381,,,0,100,,795,381,,,0,100,,794,381,,,0,100,,797,381,,,0
1019200000,'5e4af7a9-571b-4a0c-a0b1-3b124e00562a',952,,806,381,,,0,100,,801,381,,,0,100,,802,381,,,0,100,,804,381,,,0,100,,805,381,,,0,100,,803,381,,,0,100,,800,381,,,0
1019200000,'fe1884a6-717c-4091-95a3-58069f90c1d5',952,,808,381,,,0,100,,809,381,,,0,100,,810,381,,,0,100,,813,381,,,0,100,,811,381,,,0,100,,812,381,,,0,100,,807,381,,,0
1019200001,'1bbe38fd-cc46-40bc-a40a-506639991551',1657,,814,458,,,0
1019200001,'5e4af7a9-571b-4a0c-a0b1-3b124e00562a',1657,,815,458,,,0
1019200001,'fe1884a6-717c-4091-95a3-58069f90c1d5',1657,,816,458,,,0
