2000000,'002e9040-347b-4d67-99ad-91f095cd5be5',605,,579,96,,,0,100,,581,96,,,0,100,,583,96,,,0,100,,580,96,,,0,100,,576,96,,,0,100,,577,96,,,0,100,,575,96,,,0,100,,584,96,,,0,100,,585,96,,,0,100,,578,96,,,0,100,,582,96,,,0,100,,574,96,,,0
2000000,'3b3536a6-84e2-41dd-ace2-34555d61bc26',605,,597,96,,,0,100,,589,96,,,0,100,,593,96,,,0,100,,588,96,,,0,100,,587,96,,,0,100,,596,96,,,0,100,,594,96,,,0,100,,592,96,,,0,100,,595,96,,,0,100,,586,96,,,0,100,,590,96,,,0,100,,591,96,,,0
2000000,'6740aa73-5c15-4ada-bae1-0581627d255c',605,,610,96,,,0,100,,609,96,,,0,100,,605,96,,,0,100,,599,96,,,0,100,,608,96,,,0,100,,602,96,,,0,100,,603,96,,,0,100,,600,96,,,0,100,,598,96,,,0,100,,601,96,,,0,100,,606,96,,,0,100,,604,96,,,0,100,,607,96,,,0
2000000,'8b416866-5b6c-451e-b06e-834b3044aa33',605,,615,96,,,0,100,,623,96,,,0,100,,617,96,,,0,100,,613,96,,,0,100,,616,96,,,0,100,,621,96,,,0,100,,618,96,,,0,100,,612,96,,,0,100,,622,96,,,0,100,,614,96,,,0,100,,619,96,,,0,100,,611,96,,,0,100,,620,96,,,0
3000000,'002e9040-347b-4d67-99ad-91f095cd5be5',855,,628,181,,,0,100,,629,181,,,0,100,,624,181,,,0,100,,625,181,,,0,100,,627,181,,,0,100,,626,181,,,0
3000000,'3b3536a6-84e2-41dd-ace2-34555d61bc26',855,,631,181,,,0,100,,633,181,,,0,100,,632,181,,,0,100,,630,181,,,0,100,,635,181,,,0,100,,634,181,,,0
3000000,'6740aa73-5c15-4ada-bae1-0581627d255c',855,,639,181,,,0,100,,636,181,,,0,100,,640,181,,,0,100,,638,181,,,0,100,,641,181,,,0,100,,637,181,,,0
3000000,'8b416866-5b6c-451e-b06e-834b3044aa33',855,,646,181,,,0,100,,642,181,,,0,100,,644,181,,,0,100,,645,181,,,0,100,,647,181,,,0,100,,643,181,,,0
300000100,'002e9040-347b-4d67-99ad-91f095cd5be5',654,,777,192,,,0,100,,778,192,,,0,800,,775,192,,,0,100,,776,192,,,0
300000100,'3b3536a6-84e2-41dd-ace2-34555d61bc26',654,,780,192,,,0,100,,779,192,,,0
300000100,'6740aa73-5c15-4ada-bae1-0581627d255c',654,,784,192,,,0,100,,783,192,,,0,800,,781,192,,,0,100,,782,192,,,0
300000100,'8b416866-5b6c-451e-b06e-834b3044aa33',654,,788,192,,,0,100,,787,192,,,0,800,,786,192,,,0,100,,785,192,,,0
300000101,'002e9040-347b-4d67-99ad-91f095cd5be5',1454,,789,157,,,0
300000101,'3b3536a6-84e2-41dd-ace2-34555d61bc26',1454,,790,157,,,0
300000101,'6740aa73-5c15-4ada-bae1-0581627d255c',1454,,791,157,,,0
300000101,'8b416866-5b6c-451e-b06e-834b3044aa33',1454,,792,157,,,0
2019200000,'1bbe38fd-cc46-40bc-a40a-506639991551',1005,,822,94,,,0,100,,820,94,,,0,100,,821,94,,,0,100,,818,94,,,0,100,,819,94,,,0,100,,817,94,,,0,100,,823,94,,,0
2019200000,'5e4af7a9-571b-4a0c-a0b1-3b124e00562a',1005,,830,94,,,0,100,,825,94,,,0,100,,824,94,,,0,100,,826,94,,,0,100,,827,94,,,0,100,,829,94,,,0,100,,828,94,,,0
2019200000,'fe1884a6-717c-4091-95a3-58069f90c1d5',1005,,836,94,,,0,100,,831,94,,,0,100,,832,94,,,0,100,,835,94,,,0,100,,833,94,,,0,100,,837,94,,,0,100,,834,94,,,0
2019200001,'1bbe38fd-cc46-40bc-a40a-506639991551',902,,838,92,,,0
2019200001,'5e4af7a9-571b-4a0c-a0b1-3b124e00562a',902,,839,92,,,0
2019200001,'fe1884a6-717c-4091-95a3-58069f90c1d5',902,,840,92,,,0
