32000101,'002e9040-347b-4d67-99ad-91f095cd5be5',625,,674,255,,,0,200,,673,255,,,0,230,,672,255,,,0,570,,671,255,,,0
32000101,'3b3536a6-84e2-41dd-ace2-34555d61bc26',625,,675,255,,,0,200,,676,255,,,0,230,,679,255,,,0,370,,678,255,,,0,200,,680,255,,,0,230,,677,255,,,0
32000101,'6740aa73-5c15-4ada-bae1-0581627d255c',625,,682,255,,,0,200,,681,255,,,0,230,,684,255,,,0,370,,683,255,,,0,200,,685,255,,,0,230,,686,255,,,0
32000101,'8b416866-5b6c-451e-b06e-834b3044aa33',625,,688,255,,,0,200,,690,255,,,0,230,,687,255,,,0,370,,692,255,,,0,200,,689,255,,,0,230,,691,255,,,0
32000300,'1bbe38fd-cc46-40bc-a40a-506639991551',1054,,740,142,,,0,100,,744,142,,,0,86,,737,142,,,0,100,,742,142,,,0,86,,746,142,,,0,130,,743,142,,,0,86,,735,142,,,0,100,,745,142,,,0,86,,736,142,,,0,100,,734,142,,,0,86,,739,142,,,0,100,,738,142,,,0
32000300,'6740aa73-5c15-4ada-bae1-0581627d255c',1828,,748,142,,,0,100,,751,142,,,0,86,,749,142,,,0,100,,747,142,,,0
32000300,'8b416866-5b6c-451e-b06e-834b3044aa33',1828,,756,142,,,0,100,,753,142,,,0,86,,752,142,,,0,100,,755,142,,,0
32000300,'e187c9ec-e33a-4154-a7ac-3c7006c93e65',1054,,757,142,,,0,100,,759,142,,,0,86,,761,142,,,0,100,,760,142,,,0,86,,758,142,,,0
32000300,'fe1884a6-717c-4091-95a3-58069f90c1d5',1054,,765,142,,,0,100,,773,142,,,0,86,,770,142,,,0,100,,774,142,,,0,86,,769,142,,,0,130,,767,142,,,0,86,,763,142,,,0,100,,772,142,,,0,86,,762,142,,,0,100,,771,142,,,0,86,,766,142,,,0,100,,764,142,,,0
320121400000,'1bbe38fd-cc46-40bc-a40a-506639991551',2304,,841,25,,,0,100,,842,25,,,0
320121400000,'8b416866-5b6c-451e-b06e-834b3044aa33',2304,,843,25,,,0,100,,844,25,,,0
320121400001,'1bbe38fd-cc46-40bc-a40a-506639991551',2224,,848,25,0,5,0,10,,846,25,0,5,0,10,,849,25,0,5,0,10,,845,25,0,5,0,60,,847,25,,,0
320121400001,'8b416866-5b6c-451e-b06e-834b3044aa33',2224,,854,25,0,5,0,10,,851,25,0,5,0,10,,853,25,0,5,0,10,,852,25,0,5,0,60,,850,25,,,0
