32000101,'002e9040-347b-4d67-99ad-91f095cd5be5',621,,674,242,,,0,200,,673,242,,,0,230,,672,242,,,0,570,,671,242,,,0
32000101,'3b3536a6-84e2-41dd-ace2-34555d61bc26',621,,675,242,,,0,200,,676,242,,,0,230,,679,242,,,0,370,,678,242,,,0,200,,680,242,,,0,230,,677,242,,,0
32000101,'6740aa73-5c15-4ada-bae1-0581627d255c',621,,682,242,,,0,200,,681,242,,,0,230,,684,242,,,0,370,,683,242,,,0,200,,685,242,,,0,230,,686,242,,,0
32000101,'8b416866-5b6c-451e-b06e-834b3044aa33',621,,688,242,,,0,200,,690,242,,,0,230,,687,242,,,0,370,,692,242,,,0,200,,689,242,,,0,230,,691,242,,,0
32000300,'1bbe38fd-cc46-40bc-a40a-506639991551',1052,,740,135,,,0,100,,744,135,,,0,86,,737,135,,,0,100,,742,135,,,0,86,,746,135,,,0,130,,743,135,,,0,86,,735,135,,,0,100,,745,135,,,0,86,,736,135,,,0,100,,734,135,,,0,86,,739,135,,,0,100,,738,135,,,0
32000300,'6740aa73-5c15-4ada-bae1-0581627d255c',1826,,748,135,,,0,100,,751,135,,,0,86,,749,135,,,0,100,,747,135,,,0
32000300,'8b416866-5b6c-451e-b06e-834b3044aa33',1826,,756,135,,,0,100,,753,135,,,0,86,,752,135,,,0,100,,755,135,,,0
32000300,'e187c9ec-e33a-4154-a7ac-3c7006c93e65',1052,,757,135,,,0,100,,759,135,,,0,86,,761,135,,,0,100,,760,135,,,0,86,,758,135,,,0
32000300,'fe1884a6-717c-4091-95a3-58069f90c1d5',1052,,765,135,,,0,100,,773,135,,,0,86,,770,135,,,0,100,,774,135,,,0,86,,769,135,,,0,130,,767,135,,,0,86,,763,135,,,0,100,,772,135,,,0,86,,762,135,,,0,100,,771,135,,,0,86,,766,135,,,0,100,,764,135,,,0
320121400000,'1bbe38fd-cc46-40bc-a40a-506639991551',2302,,841,12,,,0,100,,842,12,,,0
320121400000,'8b416866-5b6c-451e-b06e-834b3044aa33',2302,,843,12,,,0,100,,844,12,,,0
320121400001,'1bbe38fd-cc46-40bc-a40a-506639991551',2222,,848,12,0,5,0,10,,846,12,0,5,0,10,,849,12,0,5,0,10,,845,12,0,5,0,60,,847,12,,,0
320121400001,'8b416866-5b6c-451e-b06e-834b3044aa33',2222,,854,12,0,5,0,10,,851,12,0,5,0,10,,853,12,0,5,0,10,,852,12,0,5,0,60,,850,12,,,0
