32000100,'002e9040-347b-4d67-99ad-91f095cd5be5',721,,650,196,,,0,199,,648,196,,,0,230,,649,196,,,0,370,,651,196,,,0,200,,652,196,,,0
32000100,'3b3536a6-84e2-41dd-ace2-34555d61bc26',721,,654,196,,,0,200,,657,196,,,0,230,,656,196,,,0,370,,655,196,,,0,200,,658,196,,,0,230,,653,196,,,0
32000100,'6740aa73-5c15-4ada-bae1-0581627d255c',721,,662,196,,,0,200,,660,196,,,0,230,,659,196,,,0,370,,664,196,,,0,199,,663,196,,,0,231,,661,196,,,0
32000100,'8b416866-5b6c-451e-b06e-834b3044aa33',721,,667,196,,,0,200,,665,196,,,0,230,,670,196,,,0,370,,669,196,,,0,199,,668,196,,,0,231,,666,196,,,0
32000101,'002e9040-347b-4d67-99ad-91f095cd5be5',538,,674,31,,,0,200,,673,31,,,0,270,,672,31,,,0,530,,671,31,,,0
32000101,'3b3536a6-84e2-41dd-ace2-34555d61bc26',538,,675,31,,,0,200,,676,31,,,0,270,,679,31,,,0,330,,678,31,,,0,200,,680,31,,,0,270,,677,31,,,0
32000101,'6740aa73-5c15-4ada-bae1-0581627d255c',538,,682,31,,,0,200,,681,31,,,0,270,,684,31,,,0,330,,683,31,,,0,200,,685,31,,,0,270,,686,31,,,0
32000101,'8b416866-5b6c-451e-b06e-834b3044aa33',538,,688,31,,,0,200,,690,31,,,0,270,,687,31,,,0,330,,692,31,,,0,200,,689,31,,,0,270,,691,31,,,0
32000200,'1bbe38fd-cc46-40bc-a40a-506639991551',1104,,693,24,,,0,146,,694,24,,,0,256,,696,24,,,0,146,,697,24,,,0,186,,698,24,,,0,186,,695,24,,,0
32000200,'6740aa73-5c15-4ada-bae1-0581627d255c',1838,,700,24,,,0,186,,699,24,,,0
32000200,'8b416866-5b6c-451e-b06e-834b3044aa33',1838,,701,24,,,0,186,,702,24,,,0
32000200,'e187c9ec-e33a-4154-a7ac-3c7006c93e65',1104,,703,24,,,0,146,,704,24,,,0
32000200,'fe1884a6-717c-4091-95a3-58069f90c1d5',1104,,707,24,,,0,146,,706,24,,,0,256,,709,24,,,0,146,,708,24,,,0,186,,710,24,,,0,186,,705,24,,,0
32000201,'1bbe38fd-cc46-40bc-a40a-506639991551',1054,,712,235,,,0,186,,717,235,,,0,189,,711,235,,,0,213,,714,235,,,0,186,,713,235,,,0,186,,716,235,,,0,188,,715,235,,,0
32000201,'6740aa73-5c15-4ada-bae1-0581627d255c',1828,,718,235,,,0,186,,719,235,,,0,188,,720,235,,,0
32000201,'8b416866-5b6c-451e-b06e-834b3044aa33',1828,,721,235,,,0,186,,722,235,,,0,188,,723,235,,,0
32000201,'e187c9ec-e33a-4154-a7ac-3c7006c93e65',1054,,725,235,,,0,186,,726,235,,,0,189,,724,235,,,0
32000201,'fe1884a6-717c-4091-95a3-58069f90c1d5',1054,,728,235,,,0,186,,733,235,,,0,189,,729,235,,,0,213,,727,235,,,0,186,,731,235,,,0,186,,730,235,,,0,188,,732,235,,,0
320121400001,'1bbe38fd-cc46-40bc-a40a-506639991551',2346,,847,237,,,0
320121400001,'8b416866-5b6c-451e-b06e-834b3044aa33',2346,,850,237,,,0
