2000000,'002e9040-347b-4d67-99ad-91f095cd5be5',602,,579,84,,,0,100,,581,84,,,0,100,,583,84,,,0,100,,580,84,,,0,100,,576,84,,,0,100,,577,84,,,0,100,,575,84,,,0,100,,584,84,,,0,100,,585,84,,,0,100,,578,84,,,0,100,,582,84,,,0,100,,574,84,,,0
2000000,'3b3536a6-84e2-41dd-ace2-34555d61bc26',602,,597,84,,,0,100,,589,84,,,0,100,,593,84,,,0,100,,588,84,,,0,100,,587,84,,,0,100,,596,84,,,0,100,,594,84,,,0,100,,592,84,,,0,100,,595,84,,,0,100,,586,84,,,0,100,,590,84,,,0,100,,591,84,,,0
2000000,'6740aa73-5c15-4ada-bae1-0581627d255c',602,,610,84,,,0,100,,609,84,,,0,100,,605,84,,,0,100,,599,84,,,0,100,,608,84,,,0,100,,602,84,,,0,100,,603,84,,,0,100,,600,84,,,0,100,,598,84,,,0,100,,601,84,,,0,100,,606,84,,,0,100,,604,84,,,0,100,,607,84,,,0
2000000,'8b416866-5b6c-451e-b06e-834b3044aa33',602,,615,84,,,0,100,,623,84,,,0,100,,617,84,,,0,100,,613,84,,,0,100,,616,84,,,0,100,,621,84,,,0,100,,618,84,,,0,100,,612,84,,,0,100,,622,84,,,0,100,,614,84,,,0,100,,619,84,,,0,100,,611,84,,,0,100,,620,84,,,0
2019200000,'1bbe38fd-cc46-40bc-a40a-506639991551',1002,,822,82,,,0,100,,820,82,,,0,100,,821,82,,,0,100,,818,82,,,0,100,,819,82,,,0,100,,817,82,,,0,100,,823,82,,,0
2019200000,'5e4af7a9-571b-4a0c-a0b1-3b124e00562a',1002,,830,82,,,0,100,,825,82,,,0,100,,824,82,,,0,100,,826,82,,,0,100,,827,82,,,0,100,,829,82,,,0,100,,828,82,,,0
2019200000,'fe1884a6-717c-4091-95a3-58069f90c1d5',1002,,836,82,,,0,100,,831,82,,,0,100,,832,82,,,0,100,,835,82,,,0,100,,833,82,,,0,100,,837,82,,,0,100,,834,82,,,0
2019200001,'1bbe38fd-cc46-40bc-a40a-506639991551',900,,838,80,,,0
2019200001,'5e4af7a9-571b-4a0c-a0b1-3b124e00562a',900,,839,80,,,0
2019200001,'fe1884a6-717c-4091-95a3-58069f90c1d5',900,,840,80,,,0
