2000000,'002e9040-347b-4d67-99ad-91f095cd5be5',637,,579,301,,,0,100,,581,301,,,0,100,,583,301,,,0,100,,580,301,,,0,100,,576,301,,,0,100,,577,301,,,0,100,,575,301,,,0,100,,584,301,,,0,100,,585,301,,,0,100,,578,301,,,0,100,,582,301,,,0,100,,574,301,,,0
2000000,'3b3536a6-84e2-41dd-ace2-34555d61bc26',637,,597,301,,,0,100,,589,301,,,0,100,,593,301,,,0,100,,588,301,,,0,100,,587,301,,,0,100,,596,301,,,0,100,,594,301,,,0,100,,592,301,,,0,100,,595,301,,,0,100,,586,301,,,0,100,,590,301,,,0,100,,591,301,,,0
2000000,'6740aa73-5c15-4ada-bae1-0581627d255c',637,,610,301,,,0,100,,609,301,,,0,100,,605,301,,,0,100,,599,301,,,0,100,,608,301,,,0,100,,602,301,,,0,100,,603,301,,,0,100,,600,301,,,0,100,,598,301,,,0,100,,601,301,,,0,100,,606,301,,,0,100,,604,301,,,0,100,,607,301,,,0
2000000,'8b416866-5b6c-451e-b06e-834b3044aa33',637,,615,301,,,0,100,,623,301,,,0,100,,617,301,,,0,100,,613,301,,,0,100,,616,301,,,0,100,,621,301,,,0,100,,618,301,,,0,100,,612,301,,,0,100,,622,301,,,0,100,,614,301,,,0,100,,619,301,,,0,100,,611,301,,,0,100,,620,301,,,0
2019200000,'1bbe38fd-cc46-40bc-a40a-506639991551',1037,,822,297,,,0,100,,820,297,,,0,100,,821,297,,,0,100,,818,297,,,0,100,,819,297,,,0,100,,817,297,,,0,100,,823,297,,,0
2019200000,'5e4af7a9-571b-4a0c-a0b1-3b124e00562a',1037,,830,297,,,0,100,,825,297,,,0,100,,824,297,,,0,100,,826,297,,,0,100,,827,297,,,0,100,,829,297,,,0,100,,828,297,,,0
2019200000,'fe1884a6-717c-4091-95a3-58069f90c1d5',1037,,836,297,,,0,100,,831,297,,,0,100,,832,297,,,0,100,,835,297,,,0,100,,833,297,,,0,100,,837,297,,,0,100,,834,297,,,0
2019200001,'1bbe38fd-cc46-40bc-a40a-506639991551',937,,838,338,,,0
2019200001,'5e4af7a9-571b-4a0c-a0b1-3b124e00562a',937,,839,338,,,0
2019200001,'fe1884a6-717c-4091-95a3-58069f90c1d5',937,,840,338,,,0
