2000000,'002e9040-347b-4d67-99ad-91f095cd5be5',549,,579,32,,,0,100,,581,32,,,0,100,,583,32,,,0,100,,580,32,,,0,100,,576,32,,,0,100,,577,32,,,0,100,,575,32,,,0,100,,584,32,,,0,100,,585,32,,,0,100,,578,32,,,0,100,,582,32,,,0,100,,574,32,,,0
2000000,'3b3536a6-84e2-41dd-ace2-34555d61bc26',549,,597,32,,,0,100,,589,32,,,0,100,,593,32,,,0,100,,588,32,,,0,100,,587,32,,,0,100,,596,32,,,0,100,,594,32,,,0,100,,592,32,,,0,100,,595,32,,,0,100,,586,32,,,0,100,,590,32,,,0,100,,591,32,,,0
2000000,'6740aa73-5c15-4ada-bae1-0581627d255c',549,,610,32,,,0,100,,609,32,,,0,100,,605,32,,,0,100,,599,32,,,0,100,,608,32,,,0,100,,602,32,,,0,100,,603,32,,,0,100,,600,32,,,0,100,,598,32,,,0,100,,601,32,,,0,100,,606,32,,,0,100,,604,32,,,0,100,,607,32,,,0
2000000,'8b416866-5b6c-451e-b06e-834b3044aa33',549,,615,32,,,0,100,,623,32,,,0,100,,617,32,,,0,100,,613,32,,,0,100,,616,32,,,0,100,,621,32,,,0,100,,618,32,,,0,100,,612,32,,,0,100,,622,32,,,0,100,,614,32,,,0,100,,619,32,,,0,100,,611,32,,,0,100,,620,32,,,0
2019200000,'1bbe38fd-cc46-40bc-a40a-506639991551',949,,822,30,,,0,100,,820,30,,,0,100,,821,30,,,0,100,,818,30,,,0,100,,819,30,,,0,100,,817,30,,,0,100,,823,30,,,0
2019200000,'5e4af7a9-571b-4a0c-a0b1-3b124e00562a',949,,830,30,,,0,100,,825,30,,,0,100,,824,30,,,0,100,,826,30,,,0,100,,827,30,,,0,100,,829,30,,,0,100,,828,30,,,0
2019200000,'fe1884a6-717c-4091-95a3-58069f90c1d5',949,,836,30,,,0,100,,831,30,,,0,100,,832,30,,,0,100,,835,30,,,0,100,,833,30,,,0,100,,837,30,,,0,100,,834,30,,,0
2019200001,'1bbe38fd-cc46-40bc-a40a-506639991551',849,,838,28,,,0
2019200001,'5e4af7a9-571b-4a0c-a0b1-3b124e00562a',849,,839,28,,,0
2019200001,'fe1884a6-717c-4091-95a3-58069f90c1d5',849,,840,28,,,0
