3000000,'002e9040-347b-4d67-99ad-91f095cd5be5',901,,628,216,,,0,100,,629,216,,,0,100,,624,216,,,0,100,,625,216,,,0,100,,627,216,,,0,100,,626,216,,,0
3000000,'3b3536a6-84e2-41dd-ace2-34555d61bc26',901,,631,216,,,0,100,,633,216,,,0,100,,632,216,,,0,100,,630,216,,,0,100,,635,216,,,0,100,,634,216,,,0
3000000,'6740aa73-5c15-4ada-bae1-0581627d255c',901,,639,216,,,0,100,,636,216,,,0,100,,640,216,,,0,100,,638,216,,,0,100,,641,216,,,0,100,,637,216,,,0
3000000,'8b416866-5b6c-451e-b06e-834b3044aa33',901,,646,216,,,0,100,,642,216,,,0,100,,644,216,,,0,100,,645,216,,,0,100,,647,216,,,0,100,,643,216,,,0
300000100,'002e9040-347b-4d67-99ad-91f095cd5be5',701,,777,229,,,0,100,,778,229,,,0,800,,775,229,,,0,100,,776,229,,,0
300000100,'3b3536a6-84e2-41dd-ace2-34555d61bc26',701,,780,229,,,0,100,,779,229,,,0
300000100,'6740aa73-5c15-4ada-bae1-0581627d255c',701,,784,229,,,0,100,,783,229,,,0,800,,781,229,,,0,100,,782,229,,,0
300000100,'8b416866-5b6c-451e-b06e-834b3044aa33',701,,788,229,,,0,100,,787,229,,,0,800,,786,229,,,0,100,,785,229,,,0
300000101,'002e9040-347b-4d67-99ad-91f095cd5be5',1501,,789,192,,,0
300000101,'3b3536a6-84e2-41dd-ace2-34555d61bc26',1501,,790,192,,,0
300000101,'6740aa73-5c15-4ada-bae1-0581627d255c',1501,,791,192,,,0
300000101,'8b416866-5b6c-451e-b06e-834b3044aa33',1501,,792,192,,,0
