32000200,'1bbe38fd-cc46-40bc-a40a-506639991551',1154,,693,261,4,,0,186,,694,261,4,,0,216,,696,261,4,,0,186,,697,261,4,,0,186,,698,261,4,,0,186,,695,261,4,,0
32000200,'6740aa73-5c15-4ada-bae1-0581627d255c',1928,,700,261,4,,0,186,,699,261,4,,0
32000200,'8b416866-5b6c-451e-b06e-834b3044aa33',1928,,701,261,4,,0,186,,702,261,4,,0
32000200,'e187c9ec-e33a-4154-a7ac-3c7006c93e65',1154,,703,261,4,,0,186,,704,261,4,,0
32000200,'fe1884a6-717c-4091-95a3-58069f90c1d5',1154,,707,261,4,,0,186,,706,261,4,,0,216,,709,261,4,,0,186,,708,261,4,,0,186,,710,261,4,,0,186,,705,261,4,,0
32000201,'1bbe38fd-cc46-40bc-a40a-506639991551',1008,,712,0,,,0,146,,717,0,,,0,186,,711,0,,,0,216,,714,0,,,0,186,,713,0,,,0,186,,716,0,,,0,186,,715,0,,,0
32000201,'6740aa73-5c15-4ada-bae1-0581627d255c',1742,,718,0,,,0,186,,719,0,,,0,186,,720,0,,,0
32000201,'8b416866-5b6c-451e-b06e-834b3044aa33',1742,,721,0,,,0,186,,722,0,,,0,186,,723,0,,,0
32000201,'e187c9ec-e33a-4154-a7ac-3c7006c93e65',1008,,725,0,,,0,146,,726,0,,,0,186,,724,0,,,0
32000201,'fe1884a6-717c-4091-95a3-58069f90c1d5',1008,,728,0,,,0,146,,733,0,,,0,186,,729,0,,,0,216,,727,0,,,0,186,,731,0,,,0,186,,730,0,,,0,186,,732,0,,,0
320121400000,'1bbe38fd-cc46-40bc-a40a-506639991551',2330,,841,176,4,,0,100,,842,176,4,,0
320121400000,'8b416866-5b6c-451e-b06e-834b3044aa33',2330,,843,176,4,,0,100,,844,176,4,,0
