1000000,'002e9040-347b-4d67-99ad-91f095cd5be5',618,,527,188,,,0,100,,525,188,,,0,100,,530,188,,,0,100,,524,188,,,0,100,,528,188,,,0,100,,532,188,,,0,100,,531,188,,,0,100,,526,188,,,0,100,,529,188,,,0,100,,534,188,,,0,100,,533,188,,,0,100,,535,188,,,0
1000000,'3b3536a6-84e2-41dd-ace2-34555d61bc26',618,,536,188,,,0,100,,547,188,,,0,100,,542,188,,,0,100,,540,188,,,0,100,,543,188,,,0,100,,538,188,,,0,100,,544,188,,,0,100,,545,188,,,0,100,,546,188,,,0,100,,537,188,,,0,100,,541,188,,,0,100,,539,188,,,0
1000000,'6740aa73-5c15-4ada-bae1-0581627d255c',618,,552,188,,,0,100,,557,188,,,0,100,,551,188,,,0,100,,549,188,,,0,100,,553,188,,,0,100,,554,188,,,0,100,,559,188,,,0,100,,555,188,,,0,100,,548,188,,,0,100,,556,188,,,0,100,,560,188,,,0,100,,550,188,,,0,100,,558,188,,,0
1000000,'8b416866-5b6c-451e-b06e-834b3044aa33',618,,573,188,,,0,100,,568,188,,,0,100,,565,188,,,0,100,,563,188,,,0,100,,571,188,,,0,100,,566,188,,,0,100,,567,188,,,0,100,,564,188,,,0,100,,570,188,,,0,100,,562,188,,,0,100,,561,188,,,0,100,,572,188,,,0,100,,569,188,,,0
2000000,'002e9040-347b-4d67-99ad-91f095cd5be5',633,,579,282,,,0,100,,581,282,,,0,100,,583,282,,,0,100,,580,282,,,0,100,,576,282,,,0,100,,577,282,,,0,100,,575,282,,,0,100,,584,282,,,0,100,,585,282,,,0,100,,578,282,,,0,100,,582,282,,,0,100,,574,282,,,0
2000000,'3b3536a6-84e2-41dd-ace2-34555d61bc26',633,,597,282,,,0,100,,589,282,,,0,100,,593,282,,,0,100,,588,282,,,0,100,,587,282,,,0,100,,596,282,,,0,100,,594,282,,,0,100,,592,282,,,0,100,,595,282,,,0,100,,586,282,,,0,100,,590,282,,,0,100,,591,282,,,0
2000000,'6740aa73-5c15-4ada-bae1-0581627d255c',633,,610,282,,,0,100,,609,282,,,0,100,,605,282,,,0,100,,599,282,,,0,100,,608,282,,,0,100,,602,282,,,0,100,,603,282,,,0,100,,600,282,,,0,100,,598,282,,,0,100,,601,282,,,0,100,,606,282,,,0,100,,604,282,,,0,100,,607,282,,,0
2000000,'8b416866-5b6c-451e-b06e-834b3044aa33',633,,615,282,,,0,100,,623,282,,,0,100,,617,282,,,0,100,,613,282,,,0,100,,616,282,,,0,100,,621,282,,,0,100,,618,282,,,0,100,,612,282,,,0,100,,622,282,,,0,100,,614,282,,,0,100,,619,282,,,0,100,,611,282,,,0,100,,620,282,,,0
3000000,'002e9040-347b-4d67-99ad-91f095cd5be5',925,,628,297,,,0,100,,629,297,,,0,100,,624,297,,,0,100,,625,297,,,0,100,,627,297,,,0,100,,626,297,,,0
3000000,'3b3536a6-84e2-41dd-ace2-34555d61bc26',925,,631,297,,,0,100,,633,297,,,0,100,,632,297,,,0,100,,630,297,,,0,100,,635,297,,,0,100,,634,297,,,0
3000000,'6740aa73-5c15-4ada-bae1-0581627d255c',925,,639,297,,,0,100,,636,297,,,0,100,,640,297,,,0,100,,638,297,,,0,100,,641,297,,,0,100,,637,297,,,0
3000000,'8b416866-5b6c-451e-b06e-834b3044aa33',925,,646,297,,,0,100,,642,297,,,0,100,,644,297,,,0,100,,645,297,,,0,100,,647,297,,,0,100,,643,297,,,0
300000100,'002e9040-347b-4d67-99ad-91f095cd5be5',725,,777,321,,,0,100,,778,321,,,0,800,,775,321,,,0,100,,776,321,,,0
300000100,'3b3536a6-84e2-41dd-ace2-34555d61bc26',725,,780,321,,,0,100,,779,321,,,0
300000100,'6740aa73-5c15-4ada-bae1-0581627d255c',725,,784,321,,,0,100,,783,321,,,0,800,,781,321,,,0,100,,782,321,,,0
300000100,'8b416866-5b6c-451e-b06e-834b3044aa33',725,,788,321,,,0,100,,787,321,,,0,800,,786,321,,,0,100,,785,321,,,0
1019200000,'1bbe38fd-cc46-40bc-a40a-506639991551',918,,798,187,,,0,100,,799,187,,,0,100,,796,187,,,0,100,,793,187,,,0,100,,795,187,,,0,100,,794,187,,,0,100,,797,187,,,0
1019200000,'5e4af7a9-571b-4a0c-a0b1-3b124e00562a',918,,806,187,,,0,100,,801,187,,,0,100,,802,187,,,0,100,,804,187,,,0,100,,805,187,,,0,100,,803,187,,,0,100,,800,187,,,0
1019200000,'fe1884a6-717c-4091-95a3-58069f90c1d5',918,,808,187,,,0,100,,809,187,,,0,100,,810,187,,,0,100,,813,187,,,0,100,,811,187,,,0,100,,812,187,,,0,100,,807,187,,,0
1019200001,'1bbe38fd-cc46-40bc-a40a-506639991551',1618,,814,187,,,0
1019200001,'5e4af7a9-571b-4a0c-a0b1-3b124e00562a',1618,,815,187,,,0
1019200001,'fe1884a6-717c-4091-95a3-58069f90c1d5',1618,,816,187,,,0
2019200000,'1bbe38fd-cc46-40bc-a40a-506639991551',1032,,822,278,,,0,100,,820,278,,,0,100,,821,278,,,0,100,,818,278,,,0,100,,819,278,,,0,100,,817,278,,,0,100,,823,278,,,0
2019200000,'5e4af7a9-571b-4a0c-a0b1-3b124e00562a',1032,,830,278,,,0,100,,825,278,,,0,100,,824,278,,,0,100,,826,278,,,0,100,,827,278,,,0,100,,829,278,,,0,100,,828,278,,,0
2019200000,'fe1884a6-717c-4091-95a3-58069f90c1d5',1032,,836,278,,,0,100,,831,278,,,0,100,,832,278,,,0,100,,835,278,,,0,100,,833,278,,,0,100,,837,278,,,0,100,,834,278,,,0
2019200001,'1bbe38fd-cc46-40bc-a40a-506639991551',932,,838,321,,,0
2019200001,'5e4af7a9-571b-4a0c-a0b1-3b124e00562a',932,,839,321,,,0
2019200001,'fe1884a6-717c-4091-95a3-58069f90c1d5',932,,840,321,,,0
