2000000,'002e9040-347b-4d67-99ad-91f095cd5be5',643,,579,343,,,0,100,,581,343,,,0,100,,583,343,,,0,100,,580,343,,,0,100,,576,343,,,0,100,,577,343,,,0,100,,575,343,,,0,100,,584,343,,,0,100,,585,343,,,0,100,,578,343,,,0,100,,582,343,,,0,100,,574,343,,,0
2000000,'3b3536a6-84e2-41dd-ace2-34555d61bc26',643,,597,343,,,0,100,,589,343,,,0,100,,593,343,,,0,100,,588,343,,,0,100,,587,343,,,0,100,,596,343,,,0,100,,594,343,,,0,100,,592,343,,,0,100,,595,343,,,0,100,,586,343,,,0,100,,590,343,,,0,100,,591,343,,,0
2000000,'6740aa73-5c15-4ada-bae1-0581627d255c',643,,610,343,,,0,100,,609,343,,,0,100,,605,343,,,0,100,,599,343,,,0,100,,608,343,,,0,100,,602,343,,,0,100,,603,343,,,0,100,,600,343,,,0,100,,598,343,,,0,100,,601,343,,,0,100,,606,343,,,0,100,,604,343,,,0,100,,607,343,,,0
2000000,'8b416866-5b6c-451e-b06e-834b3044aa33',643,,615,343,,,0,100,,623,343,,,0,100,,617,343,,,0,100,,613,343,,,0,100,,616,343,,,0,100,,621,343,,,0,100,,618,343,,,0,100,,612,343,,,0,100,,622,343,,,0,100,,614,343,,,0,100,,619,343,,,0,100,,611,343,,,0,100,,620,343,,,0
3000000,'002e9040-347b-4d67-99ad-91f095cd5be5',844,,628,118,,,0,69,,628,271,,,0,31,,629,118,,,0,69,,629,271,,,0,31,,624,118,,,0,69,,624,271,,,0,31,,625,118,,,0,69,,625,271,,,0,31,,627,118,,,0,69,,627,271,,,0,31,,626,118,,,0,69,,626,271,,,0
3000000,'3b3536a6-84e2-41dd-ace2-34555d61bc26',844,,631,118,,,0,69,,631,271,,,0,31,,633,118,,,0,69,,633,271,,,0,31,,632,118,,,0,69,,632,271,,,0,31,,630,118,,,0,69,,630,271,,,0,31,,635,118,,,0,69,,635,271,,,0,31,,634,118,,,0,69,,634,271,,,0
3000000,'6740aa73-5c15-4ada-bae1-0581627d255c',844,,639,118,,,0,69,,639,271,,,0,31,,636,118,,,0,69,,636,271,,,0,31,,640,118,,,0,69,,640,271,,,0,31,,638,118,,,0,69,,638,271,,,0,31,,641,118,,,0,69,,641,271,,,0,31,,637,118,,,0,69,,637,271,,,0
3000000,'8b416866-5b6c-451e-b06e-834b3044aa33',844,,646,118,,,0,69,,646,271,,,0,31,,642,118,,,0,69,,642,271,,,0,31,,644,118,,,0,69,,644,271,,,0,31,,645,118,,,0,69,,645,271,,,0,31,,647,118,,,0,69,,647,271,,,0,31,,643,118,,,0,69,,643,271,,,0
300000100,'002e9040-347b-4d67-99ad-91f095cd5be5',644,,777,118,,,0,69,,777,290,,,0,31,,778,118,,,0,69,,778,290,,,0,731,,775,118,,,0,69,,775,290,,,0,31,,776,118,,,0,69,,776,290,,,0
300000100,'3b3536a6-84e2-41dd-ace2-34555d61bc26',644,,780,118,,,0,69,,780,290,,,0,31,,779,118,,,0,69,,779,290,,,0
300000100,'6740aa73-5c15-4ada-bae1-0581627d255c',644,,784,118,,,0,69,,784,290,,,0,31,,783,118,,,0,69,,783,290,,,0,731,,781,118,,,0,69,,781,290,,,0,31,,782,118,,,0,69,,782,290,,,0
300000100,'8b416866-5b6c-451e-b06e-834b3044aa33',644,,788,118,,,0,69,,788,290,,,0,31,,787,118,,,0,69,,787,290,,,0,731,,786,118,,,0,69,,786,290,,,0,31,,785,118,,,0,69,,785,290,,,0
300000101,'002e9040-347b-4d67-99ad-91f095cd5be5',1444,,789,117,,,0,67,,789,247,,,0
300000101,'3b3536a6-84e2-41dd-ace2-34555d61bc26',1444,,790,117,,,0,67,,790,247,,,0
300000101,'6740aa73-5c15-4ada-bae1-0581627d255c',1444,,791,117,,,0,67,,791,247,,,0
300000101,'8b416866-5b6c-451e-b06e-834b3044aa33',1444,,792,117,,,0,67,,792,247,,,0
2019200000,'1bbe38fd-cc46-40bc-a40a-506639991551',1043,,822,338,,,0,100,,820,338,,,0,100,,821,338,,,0,100,,818,338,,,0,100,,819,338,,,0,100,,817,338,,,0,101,,823,338,,,0
2019200000,'5e4af7a9-571b-4a0c-a0b1-3b124e00562a',1043,,830,338,,,0,100,,825,338,,,0,100,,824,338,,,0,100,,826,338,,,0,100,,827,338,,,0,100,,829,338,,,0,101,,828,338,,,0
2019200000,'fe1884a6-717c-4091-95a3-58069f90c1d5',1043,,836,338,,,0,100,,831,338,,,0,100,,832,338,,,0,100,,835,338,,,0,100,,833,338,,,0,100,,837,338,,,0,101,,834,338,,,0
2019200001,'1bbe38fd-cc46-40bc-a40a-506639991551',943,,838,374,,,0
2019200001,'5e4af7a9-571b-4a0c-a0b1-3b124e00562a',943,,839,374,,,0
2019200001,'fe1884a6-717c-4091-95a3-58069f90c1d5',943,,840,374,,,0
