1000000,'002e9040-347b-4d67-99ad-91f095cd5be5',614,,527,168,,,0,100,,525,168,,,0,100,,530,168,,,0,100,,524,168,,,0,100,,528,168,,,0,100,,532,168,,,0,100,,531,168,,,0,100,,526,168,,,0,100,,529,168,,,0,100,,534,168,,,0,100,,533,168,,,0,100,,535,168,,,0
1000000,'3b3536a6-84e2-41dd-ace2-34555d61bc26',614,,536,168,,,0,100,,547,168,,,0,100,,542,168,,,0,100,,540,168,,,0,100,,543,168,,,0,100,,538,168,,,0,100,,544,168,,,0,100,,545,168,,,0,100,,546,168,,,0,100,,537,168,,,0,100,,541,168,,,0,100,,539,168,,,0
1000000,'6740aa73-5c15-4ada-bae1-0581627d255c',614,,552,168,,,0,100,,557,168,,,0,100,,551,168,,,0,100,,549,168,,,0,100,,553,168,,,0,100,,554,168,,,0,100,,559,168,,,0,100,,555,168,,,0,100,,548,168,,,0,100,,556,168,,,0,100,,560,168,,,0,100,,550,168,,,0,100,,558,168,,,0
1000000,'8b416866-5b6c-451e-b06e-834b3044aa33',614,,573,168,,,0,100,,568,168,,,0,100,,565,168,,,0,100,,563,168,,,0,100,,571,168,,,0,100,,566,168,,,0,100,,567,168,,,0,100,,564,168,,,0,100,,570,168,,,0,100,,562,168,,,0,100,,561,168,,,0,100,,572,168,,,0,100,,569,168,,,0
2000000,'002e9040-347b-4d67-99ad-91f095cd5be5',639,,579,326,,,0,100,,581,326,,,0,100,,583,326,,,0,100,,580,326,,,0,100,,576,326,,,0,100,,577,326,,,0,100,,575,326,,,0,100,,584,326,,,0,100,,585,326,,,0,100,,578,326,,,0,100,,582,326,,,0,100,,574,326,,,0
2000000,'3b3536a6-84e2-41dd-ace2-34555d61bc26',639,,597,326,,,0,100,,589,326,,,0,100,,593,326,,,0,100,,588,326,,,0,100,,587,326,,,0,100,,596,326,,,0,100,,594,326,,,0,100,,592,326,,,0,100,,595,326,,,0,100,,586,326,,,0,100,,590,326,,,0,100,,591,326,,,0
2000000,'6740aa73-5c15-4ada-bae1-0581627d255c',639,,610,326,,,0,100,,609,326,,,0,100,,605,326,,,0,100,,599,326,,,0,100,,608,326,,,0,100,,602,326,,,0,100,,603,326,,,0,100,,600,326,,,0,100,,598,326,,,0,100,,601,326,,,0,100,,606,326,,,0,100,,604,326,,,0,100,,607,326,,,0
2000000,'8b416866-5b6c-451e-b06e-834b3044aa33',639,,615,326,,,0,100,,623,326,,,0,100,,617,326,,,0,100,,613,326,,,0,100,,616,326,,,0,100,,621,326,,,0,100,,618,326,,,0,100,,612,326,,,0,100,,622,326,,,0,100,,614,326,,,0,100,,619,326,,,0,100,,611,326,,,0,100,,620,326,,,0
1019200000,'1bbe38fd-cc46-40bc-a40a-506639991551',914,,798,167,,,0,100,,799,167,,,0,100,,796,167,,,0,100,,793,167,,,0,100,,795,167,,,0,100,,794,167,,,0,100,,797,167,,,0
1019200000,'5e4af7a9-571b-4a0c-a0b1-3b124e00562a',914,,806,167,,,0,100,,801,167,,,0,100,,802,167,,,0,100,,804,167,,,0,100,,805,167,,,0,100,,803,167,,,0,100,,800,167,,,0
1019200000,'fe1884a6-717c-4091-95a3-58069f90c1d5',914,,808,167,,,0,100,,809,167,,,0,100,,810,167,,,0,100,,813,167,,,0,100,,811,167,,,0,100,,812,167,,,0,100,,807,167,,,0
1019200001,'1bbe38fd-cc46-40bc-a40a-506639991551',1614,,814,167,,,0
1019200001,'5e4af7a9-571b-4a0c-a0b1-3b124e00562a',1614,,815,167,,,0
1019200001,'fe1884a6-717c-4091-95a3-58069f90c1d5',1614,,816,167,,,0
2019200000,'1bbe38fd-cc46-40bc-a40a-506639991551',1039,,822,321,,,0,100,,820,321,,,0,100,,821,321,,,0,100,,818,321,,,0,100,,819,321,,,0,100,,817,321,,,0,100,,823,321,,,0
2019200000,'5e4af7a9-571b-4a0c-a0b1-3b124e00562a',1039,,830,321,,,0,100,,825,321,,,0,100,,824,321,,,0,100,,826,321,,,0,100,,827,321,,,0,100,,829,321,,,0,100,,828,321,,,0
2019200000,'fe1884a6-717c-4091-95a3-58069f90c1d5',1039,,836,321,,,0,100,,831,321,,,0,100,,832,321,,,0,100,,835,321,,,0,100,,833,321,,,0,100,,837,321,,,0,100,,834,321,,,0
2019200001,'1bbe38fd-cc46-40bc-a40a-506639991551',939,,838,359,,,0
2019200001,'5e4af7a9-571b-4a0c-a0b1-3b124e00562a',939,,839,359,,,0
2019200001,'fe1884a6-717c-4091-95a3-58069f90c1d5',939,,840,359,,,0
