2000000,'002e9040-347b-4d67-99ad-91f095cd5be5',640,,579,334,,,0,100,,581,334,,,0,100,,583,334,,,0,100,,580,334,,,0,100,,576,334,,,0,100,,577,334,,,0,100,,575,334,,,0,100,,584,334,,,0,100,,585,334,,,0,100,,578,334,,,0,100,,582,334,,,0,100,,574,334,,,0
2000000,'3b3536a6-84e2-41dd-ace2-34555d61bc26',640,,597,334,,,0,100,,589,334,,,0,100,,593,334,,,0,100,,588,334,,,0,100,,587,334,,,0,100,,596,334,,,0,100,,594,334,,,0,100,,592,334,,,0,100,,595,334,,,0,100,,586,334,,,0,100,,590,334,,,0,100,,591,334,,,0
2000000,'6740aa73-5c15-4ada-bae1-0581627d255c',640,,610,334,,,0,100,,609,334,,,0,100,,605,334,,,0,100,,599,334,,,0,100,,608,334,,,0,100,,602,334,,,0,100,,603,334,,,0,100,,600,334,,,0,100,,598,334,,,0,100,,601,334,,,0,100,,606,334,,,0,100,,604,334,,,0,100,,607,334,,,0
2000000,'8b416866-5b6c-451e-b06e-834b3044aa33',640,,615,334,,,0,100,,623,334,,,0,100,,617,334,,,0,100,,613,334,,,0,100,,616,334,,,0,100,,621,334,,,0,100,,618,334,,,0,100,,612,334,,,0,100,,622,334,,,0,100,,614,334,,,0,100,,619,334,,,0,100,,611,334,,,0,100,,620,334,,,0
2019200000,'1bbe38fd-cc46-40bc-a40a-506639991551',1040,,822,329,,,0,100,,820,329,,,0,100,,821,329,,,0,100,,818,329,,,0,100,,819,329,,,0,100,,817,329,,,0,101,,823,329,,,0
2019200000,'5e4af7a9-571b-4a0c-a0b1-3b124e00562a',1040,,830,329,,,0,100,,825,329,,,0,100,,824,329,,,0,100,,826,329,,,0,100,,827,329,,,0,100,,829,329,,,0,101,,828,329,,,0
2019200000,'fe1884a6-717c-4091-95a3-58069f90c1d5',1040,,836,329,,,0,100,,831,329,,,0,100,,832,329,,,0,100,,835,329,,,0,100,,833,329,,,0,100,,837,329,,,0,101,,834,329,,,0
2019200001,'1bbe38fd-cc46-40bc-a40a-506639991551',940,,838,364,,,0
2019200001,'5e4af7a9-571b-4a0c-a0b1-3b124e00562a',940,,839,364,,,0
2019200001,'fe1884a6-717c-4091-95a3-58069f90c1d5',940,,840,364,,,0
