1,100,'002e9040-347b-4d67-99ad-91f095cd5be5',425
1,100,'6740aa73-5c15-4ada-bae1-0581627d255c',426
1,100,'8b416866-5b6c-451e-b06e-834b3044aa33',427
1,101,'002e9040-347b-4d67-99ad-91f095cd5be5',428
1,101,'3b3536a6-84e2-41dd-ace2-34555d61bc26',429
1,101,'6740aa73-5c15-4ada-bae1-0581627d255c',430
1,101,'8b416866-5b6c-451e-b06e-834b3044aa33',431
2,200,'002e9040-347b-4d67-99ad-91f095cd5be5',432,433,434,435,436,437,438,439,440,441
2,200,'3b3536a6-84e2-41dd-ace2-34555d61bc26',442,443,444,445,446,447,448,449,450,451,452,453
2,200,'6740aa73-5c15-4ada-bae1-0581627d255c',454,455,456,457,458,459,460,461,462,463,464,465
2,200,'8b416866-5b6c-451e-b06e-834b3044aa33',466,467,468,469,470,471,472,473,474,475,476,477
2,201,'002e9040-347b-4d67-99ad-91f095cd5be5',478,479,480,481,482,483,484,485,486,487
2,201,'3b3536a6-84e2-41dd-ace2-34555d61bc26',488,489,490,491,492,493,494,495,496,497,498,499
2,201,'6740aa73-5c15-4ada-bae1-0581627d255c',500,501,502,503,504,505,506,507,508,509,510,511
2,201,'8b416866-5b6c-451e-b06e-834b3044aa33',512,513,514,515,516,517,518,519,520,521,522,523
10000,1000000,'002e9040-347b-4d67-99ad-91f095cd5be5',524,525,526,527,528,529,530,531,532,533,534,535
10000,1000000,'3b3536a6-84e2-41dd-ace2-34555d61bc26',536,537,538,539,540,541,542,543,544,545,546,547
10000,1000000,'6740aa73-5c15-4ada-bae1-0581627d255c',548,549,550,551,552,553,554,555,556,557,558,559,560
10000,1000000,'8b416866-5b6c-451e-b06e-834b3044aa33',561,562,563,564,565,566,567,568,569,570,571,572,573
20000,2000000,'002e9040-347b-4d67-99ad-91f095cd5be5',574,575,576,577,578,579,580,581,582,583,584,585
20000,2000000,'3b3536a6-84e2-41dd-ace2-34555d61bc26',586,587,588,589,590,591,592,593,594,595,596,597
20000,2000000,'6740aa73-5c15-4ada-bae1-0581627d255c',598,599,600,601,602,603,604,605,606,607,608,609,610
20000,2000000,'8b416866-5b6c-451e-b06e-834b3044aa33',611,612,613,614,615,616,617,618,619,620,621,622,623
30000,3000000,'002e9040-347b-4d67-99ad-91f095cd5be5',624,625,626,627,628,629
30000,3000000,'3b3536a6-84e2-41dd-ace2-34555d61bc26',630,631,632,633,634,635
30000,3000000,'6740aa73-5c15-4ada-bae1-0581627d255c',636,637,638,639,640,641
30000,3000000,'8b416866-5b6c-451e-b06e-834b3044aa33',642,643,644,645,646,647
320001,32000100,'002e9040-347b-4d67-99ad-91f095cd5be5',648,649,650,651,652
320001,32000100,'3b3536a6-84e2-41dd-ace2-34555d61bc26',653,654,655,656,657,658
320001,32000100,'6740aa73-5c15-4ada-bae1-0581627d255c',659,660,661,662,663,664
320001,32000100,'8b416866-5b6c-451e-b06e-834b3044aa33',665,666,667,668,669,670
320001,32000101,'002e9040-347b-4d67-99ad-91f095cd5be5',671,672,673,674
320001,32000101,'3b3536a6-84e2-41dd-ace2-34555d61bc26',675,676,677,678,679,680
320001,32000101,'6740aa73-5c15-4ada-bae1-0581627d255c',681,682,683,684,685,686
320001,32000101,'8b416866-5b6c-451e-b06e-834b3044aa33',687,688,689,690,691,692
320002,32000200,'1bbe38fd-cc46-40bc-a40a-506639991551',693,694,695,696,697,698
320002,32000200,'6740aa73-5c15-4ada-bae1-0581627d255c',699,700
320002,32000200,'8b416866-5b6c-451e-b06e-834b3044aa33',701,702
320002,32000200,'e187c9ec-e33a-4154-a7ac-3c7006c93e65',703,704
320002,32000200,'fe1884a6-717c-4091-95a3-58069f90c1d5',705,706,707,708,709,710
320002,32000201,'1bbe38fd-cc46-40bc-a40a-506639991551',711,712,713,714,715,716,717
320002,32000201,'6740aa73-5c15-4ada-bae1-0581627d255c',718,719,720
320002,32000201,'8b416866-5b6c-451e-b06e-834b3044aa33',721,722,723
320002,32000201,'e187c9ec-e33a-4154-a7ac-3c7006c93e65',724,725,726
320002,32000201,'fe1884a6-717c-4091-95a3-58069f90c1d5',727,728,729,730,731,732,733
320003,32000300,'1bbe38fd-cc46-40bc-a40a-506639991551',734,735,736,737,738,739,740,741,742,743,744,745,746
320003,32000300,'6740aa73-5c15-4ada-bae1-0581627d255c',747,748,749,750,751
320003,32000300,'8b416866-5b6c-451e-b06e-834b3044aa33',752,753,754,755,756
320003,32000300,'e187c9ec-e33a-4154-a7ac-3c7006c93e65',757,758,759,760,761
320003,32000300,'fe1884a6-717c-4091-95a3-58069f90c1d5',762,763,764,765,766,767,768,769,770,771,772,773,774
3000001,300000100,'002e9040-347b-4d67-99ad-91f095cd5be5',775,776,777,778
3000001,300000100,'3b3536a6-84e2-41dd-ace2-34555d61bc26',779,780
3000001,300000100,'6740aa73-5c15-4ada-bae1-0581627d255c',781,782,783,784
3000001,300000100,'8b416866-5b6c-451e-b06e-834b3044aa33',785,786,787,788
3000001,300000101,'002e9040-347b-4d67-99ad-91f095cd5be5',789
3000001,300000101,'3b3536a6-84e2-41dd-ace2-34555d61bc26',790
3000001,300000101,'6740aa73-5c15-4ada-bae1-0581627d255c',791
3000001,300000101,'8b416866-5b6c-451e-b06e-834b3044aa33',792
10192000,1019200000,'1bbe38fd-cc46-40bc-a40a-506639991551',793,794,795,796,797,798,799
10192000,1019200000,'5e4af7a9-571b-4a0c-a0b1-3b124e00562a',800,801,802,803,804,805,806
10192000,1019200000,'fe1884a6-717c-4091-95a3-58069f90c1d5',807,808,809,810,811,812,813
10192000,1019200001,'1bbe38fd-cc46-40bc-a40a-506639991551',814
10192000,1019200001,'5e4af7a9-571b-4a0c-a0b1-3b124e00562a',815
10192000,1019200001,'fe1884a6-717c-4091-95a3-58069f90c1d5',816
20192000,2019200000,'1bbe38fd-cc46-40bc-a40a-506639991551',817,818,819,820,821,822,823
20192000,2019200000,'5e4af7a9-571b-4a0c-a0b1-3b124e00562a',824,825,826,827,828,829,830
20192000,2019200000,'fe1884a6-717c-4091-95a3-58069f90c1d5',831,832,833,834,835,836,837
20192000,2019200001,'1bbe38fd-cc46-40bc-a40a-506639991551',838
20192000,2019200001,'5e4af7a9-571b-4a0c-a0b1-3b124e00562a',839
20192000,2019200001,'fe1884a6-717c-4091-95a3-58069f90c1d5',840
3201214000,320121400000,'1bbe38fd-cc46-40bc-a40a-506639991551',841,842
3201214000,320121400000,'8b416866-5b6c-451e-b06e-834b3044aa33',843,844
3201214000,320121400001,'1bbe38fd-cc46-40bc-a40a-506639991551',845,846,847,848,849
3201214000,320121400001,'8b416866-5b6c-451e-b06e-834b3044aa33',850,851,852,853,854
