3000000,'002e9040-347b-4d67-99ad-91f095cd5be5',835,,628,41,,,0,100,,629,41,,,0,100,,624,41,,,0,100,,625,41,,,0,100,,627,41,,,0,100,,626,41,,,0
3000000,'3b3536a6-84e2-41dd-ace2-34555d61bc26',835,,631,41,,,0,100,,633,41,,,0,100,,632,41,,,0,100,,630,41,,,0,100,,635,41,,,0,100,,634,41,,,0
3000000,'6740aa73-5c15-4ada-bae1-0581627d255c',835,,639,41,,,0,100,,636,41,,,0,100,,640,41,,,0,100,,638,41,,,0,100,,641,41,,,0,100,,637,41,,,0
3000000,'8b416866-5b6c-451e-b06e-834b3044aa33',835,,646,41,,,0,100,,642,41,,,0,100,,644,41,,,0,100,,645,41,,,0,100,,647,41,,,0,100,,643,41,,,0
300000100,'002e9040-347b-4d67-99ad-91f095cd5be5',635,,777,41,,,0,100,,778,41,,,0,800,,775,41,,,0,100,,776,41,,,0
300000100,'3b3536a6-84e2-41dd-ace2-34555d61bc26',635,,780,41,,,0,100,,779,41,,,0
300000100,'6740aa73-5c15-4ada-bae1-0581627d255c',635,,784,41,,,0,100,,783,41,,,0,800,,781,41,,,0,100,,782,41,,,0
300000100,'8b416866-5b6c-451e-b06e-834b3044aa33',635,,788,41,,,0,100,,787,41,,,0,800,,786,41,,,0,100,,785,41,,,0
300000101,'002e9040-347b-4d67-99ad-91f095cd5be5',1435,,789,41,,,0
300000101,'3b3536a6-84e2-41dd-ace2-34555d61bc26',1435,,790,41,,,0
300000101,'6740aa73-5c15-4ada-bae1-0581627d255c',1435,,791,41,,,0
300000101,'8b416866-5b6c-451e-b06e-834b3044aa33',1435,,792,41,,,0
