1000000,'002e9040-347b-4d67-99ad-91f095cd5be5',630,,527,273,,,0,100,,525,273,,,0,100,,530,273,,,0,100,,524,273,,,0,100,,528,273,,,0,100,,532,273,,,0,100,,531,273,,,0,100,,526,273,,,0,100,,529,273,,,0,100,,534,273,,,0,100,,533,273,,,0,100,,535,273,,,0
1000000,'3b3536a6-84e2-41dd-ace2-34555d61bc26',630,,536,273,,,0,100,,547,273,,,0,100,,542,273,,,0,100,,540,273,,,0,100,,543,273,,,0,100,,538,273,,,0,100,,544,273,,,0,100,,545,273,,,0,100,,546,273,,,0,100,,537,273,,,0,100,,541,273,,,0,100,,539,273,,,0
1000000,'6740aa73-5c15-4ada-bae1-0581627d255c',630,,552,273,,,0,100,,557,273,,,0,100,,551,273,,,0,100,,549,273,,,0,100,,553,273,,,0,100,,554,273,,,0,100,,559,273,,,0,100,,555,273,,,0,100,,548,273,,,0,100,,556,273,,,0,100,,560,273,,,0,100,,550,273,,,0,100,,558,273,,,0
1000000,'8b416866-5b6c-451e-b06e-834b3044aa33',630,,573,273,,,0,100,,568,273,,,0,100,,565,273,,,0,100,,563,273,,,0,100,,571,273,,,0,100,,566,273,,,0,100,,567,273,,,0,100,,564,273,,,0,100,,570,273,,,0,100,,562,273,,,0,100,,561,273,,,0,100,,572,273,,,0,100,,569,273,,,0
2000000,'002e9040-347b-4d67-99ad-91f095cd5be5',628,,579,238,,,0,100,,581,238,,,0,100,,583,238,,,0,100,,580,238,,,0,100,,576,238,,,0,100,,577,238,,,0,100,,575,238,,,0,100,,584,238,,,0,100,,585,238,,,0,100,,578,238,,,0,100,,582,238,,,0,100,,574,238,,,0
2000000,'3b3536a6-84e2-41dd-ace2-34555d61bc26',628,,597,238,,,0,100,,589,238,,,0,100,,593,238,,,0,100,,588,238,,,0,100,,587,238,,,0,100,,596,238,,,0,100,,594,238,,,0,100,,592,238,,,0,100,,595,238,,,0,100,,586,238,,,0,100,,590,238,,,0,100,,591,238,,,0
2000000,'6740aa73-5c15-4ada-bae1-0581627d255c',628,,610,238,,,0,100,,609,238,,,0,100,,605,238,,,0,100,,599,238,,,0,100,,608,238,,,0,100,,602,238,,,0,100,,603,238,,,0,100,,600,238,,,0,100,,598,238,,,0,100,,601,238,,,0,100,,606,238,,,0,100,,604,238,,,0,100,,607,238,,,0
2000000,'8b416866-5b6c-451e-b06e-834b3044aa33',628,,615,238,,,0,100,,623,238,,,0,100,,617,238,,,0,100,,613,238,,,0,100,,616,238,,,0,100,,621,238,,,0,100,,618,238,,,0,100,,612,238,,,0,100,,622,238,,,0,100,,614,238,,,0,100,,619,238,,,0,100,,611,238,,,0,100,,620,238,,,0
1019200000,'1bbe38fd-cc46-40bc-a40a-506639991551',930,,798,271,,,0,100,,799,271,,,0,100,,796,271,,,0,100,,793,271,,,0,100,,795,271,,,0,100,,794,271,,,0,100,,797,271,,,0
1019200000,'5e4af7a9-571b-4a0c-a0b1-3b124e00562a',930,,806,271,,,0,100,,801,271,,,0,100,,802,271,,,0,100,,804,271,,,0,100,,805,271,,,0,100,,803,271,,,0,100,,800,271,,,0
1019200000,'fe1884a6-717c-4091-95a3-58069f90c1d5',930,,808,271,,,0,100,,809,271,,,0,100,,810,271,,,0,100,,813,271,,,0,100,,811,271,,,0,100,,812,271,,,0,100,,807,271,,,0
1019200001,'1bbe38fd-cc46-40bc-a40a-506639991551',1630,,814,271,,,0
1019200001,'5e4af7a9-571b-4a0c-a0b1-3b124e00562a',1630,,815,271,,,0
1019200001,'fe1884a6-717c-4091-95a3-58069f90c1d5',1630,,816,271,,,0
2019200000,'1bbe38fd-cc46-40bc-a40a-506639991551',1025,,822,236,,,0,100,,820,236,,,0,100,,821,236,,,0,100,,818,236,,,0,100,,819,236,,,0,100,,817,236,,,0,100,,823,236,,,0
2019200000,'5e4af7a9-571b-4a0c-a0b1-3b124e00562a',1025,,830,236,,,0,100,,825,236,,,0,100,,824,236,,,0,100,,826,236,,,0,100,,827,236,,,0,100,,829,236,,,0,100,,828,236,,,0
2019200000,'fe1884a6-717c-4091-95a3-58069f90c1d5',1025,,836,236,,,0,100,,831,236,,,0,100,,832,236,,,0,100,,835,236,,,0,100,,833,236,,,0,100,,837,236,,,0,100,,834,236,,,0
2019200001,'1bbe38fd-cc46-40bc-a40a-506639991551',925,,838,279,,,0
2019200001,'5e4af7a9-571b-4a0c-a0b1-3b124e00562a',925,,839,279,,,0
2019200001,'fe1884a6-717c-4091-95a3-58069f90c1d5',925,,840,279,,,0
