1000000,'002e9040-347b-4d67-99ad-91f095cd5be5',648,,527,372,,,0,100,,525,372,,,0,100,,530,372,,,0,100,,524,372,,,0,100,,528,372,,,0,100,,532,372,,,0,100,,531,372,,,0,100,,526,372,,,0,100,,529,372,,,0,100,,534,372,,,0,100,,533,372,,,0,100,,535,372,,,0
1000000,'3b3536a6-84e2-41dd-ace2-34555d61bc26',648,,536,372,,,0,100,,547,372,,,0,100,,542,372,,,0,100,,540,372,,,0,100,,543,372,,,0,100,,538,372,,,0,100,,544,372,,,0,100,,545,372,,,0,100,,546,372,,,0,100,,537,372,,,0,100,,541,372,,,0,100,,539,372,,,0
1000000,'6740aa73-5c15-4ada-bae1-0581627d255c',648,,552,372,,,0,100,,557,372,,,0,100,,551,372,,,0,100,,549,372,,,0,100,,553,372,,,0,100,,554,372,,,0,100,,559,372,,,0,100,,555,372,,,0,100,,548,372,,,0,100,,556,372,,,0,100,,560,372,,,0,100,,550,372,,,0,100,,558,372,,,0
1000000,'8b416866-5b6c-451e-b06e-834b3044aa33',648,,573,372,,,0,100,,568,372,,,0,100,,565,372,,,0,100,,563,372,,,0,100,,571,372,,,0,100,,566,372,,,0,100,,567,372,,,0,100,,564,372,,,0,100,,570,372,,,0,100,,562,372,,,0,100,,561,372,,,0,100,,572,372,,,0,100,,569,372,,,0
1019200000,'1bbe38fd-cc46-40bc-a40a-506639991551',948,,798,370,,,0,100,,799,370,,,0,100,,796,370,,,0,100,,793,370,,,0,100,,795,370,,,0,100,,794,370,,,0,100,,797,370,,,0
1019200000,'5e4af7a9-571b-4a0c-a0b1-3b124e00562a',948,,806,370,,,0,100,,801,370,,,0,100,,802,370,,,0,100,,804,370,,,0,100,,805,370,,,0,100,,803,370,,,0,100,,800,370,,,0
1019200000,'fe1884a6-717c-4091-95a3-58069f90c1d5',948,,808,370,,,0,100,,809,370,,,0,100,,810,370,,,0,100,,813,370,,,0,100,,811,370,,,0,100,,812,370,,,0,100,,807,370,,,0
1019200001,'1bbe38fd-cc46-40bc-a40a-506639991551',1654,,814,435,,,0
1019200001,'5e4af7a9-571b-4a0c-a0b1-3b124e00562a',1654,,815,435,,,0
1019200001,'fe1884a6-717c-4091-95a3-58069f90c1d5',1654,,816,435,,,0
