2000000,'002e9040-347b-4d67-99ad-91f095cd5be5',610,,579,116,,,0,100,,581,116,,,0,100,,583,116,,,0,100,,580,116,,,0,100,,576,116,,,0,100,,577,116,,,0,100,,575,116,,,0,100,,584,116,,,0,100,,585,116,,,0,100,,578,116,,,0,100,,582,116,,,0,100,,574,116,,,0
2000000,'3b3536a6-84e2-41dd-ace2-34555d61bc26',610,,597,116,,,0,100,,589,116,,,0,100,,593,116,,,0,100,,588,116,,,0,100,,587,116,,,0,100,,596,116,,,0,100,,594,116,,,0,100,,592,116,,,0,100,,595,116,,,0,100,,586,116,,,0,100,,590,116,,,0,100,,591,116,,,0
2000000,'6740aa73-5c15-4ada-bae1-0581627d255c',610,,610,116,,,0,100,,609,116,,,0,100,,605,116,,,0,100,,599,116,,,0,100,,608,116,,,0,100,,602,116,,,0,100,,603,116,,,0,100,,600,116,,,0,100,,598,116,,,0,100,,601,116,,,0,100,,606,116,,,0,100,,604,116,,,0,100,,607,116,,,0
2000000,'8b416866-5b6c-451e-b06e-834b3044aa33',610,,615,116,,,0,100,,623,116,,,0,100,,617,116,,,0,100,,613,116,,,0,100,,616,116,,,0,100,,621,116,,,0,100,,618,116,,,0,100,,612,116,,,0,100,,622,116,,,0,100,,614,116,,,0,100,,619,116,,,0,100,,611,116,,,0,100,,620,116,,,0
2019200000,'1bbe38fd-cc46-40bc-a40a-506639991551',1010,,822,114,,,0,100,,820,114,,,0,100,,821,114,,,0,100,,818,114,,,0,100,,819,114,,,0,100,,817,114,,,0,100,,823,114,,,0
2019200000,'5e4af7a9-571b-4a0c-a0b1-3b124e00562a',1010,,830,114,,,0,100,,825,114,,,0,100,,824,114,,,0,100,,826,114,,,0,100,,827,114,,,0,100,,829,114,,,0,100,,828,114,,,0
2019200000,'fe1884a6-717c-4091-95a3-58069f90c1d5',1010,,836,114,,,0,100,,831,114,,,0,100,,832,114,,,0,100,,835,114,,,0,100,,833,114,,,0,100,,837,114,,,0,100,,834,114,,,0
2019200001,'1bbe38fd-cc46-40bc-a40a-506639991551',910,,838,172,,,0
2019200001,'5e4af7a9-571b-4a0c-a0b1-3b124e00562a',910,,839,172,,,0
2019200001,'fe1884a6-717c-4091-95a3-58069f90c1d5',910,,840,172,,,0
