1000000,'002e9040-347b-4d67-99ad-91f095cd5be5',555,,527,0,,,0,99,,527,399,4,,0,1,,525,0,,,0,99,,525,399,4,,0,1,,530,0,,,0,99,,530,399,4,,0,1,,524,0,,,0,99,,524,399,4,,0,1,,528,0,,,0,99,,528,399,4,,0,1,,532,0,,,0,99,,532,399,4,,0,1,,531,0,,,0,99,,531,399,4,,0,1,,526,0,,,0,99,,526,399,4,,0,1,,529,0,,,0,99,,529,399,4,,0,1,,534,0,,,0,99,,534,399,4,,0,1,,533,0,,,0,99,,533,399,4,,0,1,,535,0,,,0,99,,535,399,4,,0
1000000,'3b3536a6-84e2-41dd-ace2-34555d61bc26',555,,536,0,,,0,99,,536,399,4,,0,1,,547,0,,,0,99,,547,399,4,,0,1,,542,0,,,0,99,,542,399,4,,0,1,,540,0,,,0,99,,540,399,4,,0,1,,543,0,,,0,99,,543,399,4,,0,1,,538,0,,,0,99,,538,399,4,,0,1,,544,0,,,0,99,,544,399,4,,0,1,,545,0,,,0,99,,545,399,4,,0,1,,546,0,,,0,99,,546,399,4,,0,1,,537,0,,,0,99,,537,399,4,,0,1,,541,0,,,0,99,,541,399,4,,0,1,,539,0,,,0,99,,539,399,4,,0
1000000,'6740aa73-5c15-4ada-bae1-0581627d255c',555,,552,0,,,0,99,,552,399,4,,0,1,,557,0,,,0,99,,557,399,4,,0,1,,551,0,,,0,99,,551,399,4,,0,1,,549,0,,,0,99,,549,399,4,,0,1,,553,0,,,0,99,,553,399,4,,0,1,,554,0,,,0,99,,554,399,4,,0,1,,559,0,,,0,99,,559,399,4,,0,1,,555,0,,,0,99,,555,399,4,,0,1,,548,0,,,0,99,,548,399,4,,0,1,,556,0,,,0,99,,556,399,4,,0,1,,560,0,,,0,99,,560,399,4,,0,1,,550,0,,,0,99,,550,399,4,,0,1,,558,0,,,0,99,,558,399,4,,0
1000000,'8b416866-5b6c-451e-b06e-834b3044aa33',555,,573,0,,,0,99,,573,399,4,,0,1,,568,0,,,0,99,,568,399,4,,0,1,,565,0,,,0,99,,565,399,4,,0,1,,563,0,,,0,99,,563,399,4,,0,1,,571,0,,,0,99,,571,399,4,,0,1,,566,0,,,0,99,,566,399,4,,0,1,,567,0,,,0,99,,567,399,4,,0,1,,564,0,,,0,99,,564,399,4,,0,1,,570,0,,,0,99,,570,399,4,,0,1,,562,0,,,0,99,,562,399,4,,0,1,,561,0,,,0,99,,561,399,4,,0,1,,572,0,,,0,99,,572,399,4,,0,1,,569,0,,,0,99,,569,399,4,,0
2000000,'002e9040-347b-4d67-99ad-91f095cd5be5',545,,579,0,,,0,99,,579,346,4,,0,1,,581,0,,,0,99,,581,346,4,,0,1,,583,0,,,0,99,,583,346,4,,0,1,,580,0,,,0,99,,580,346,4,,0,1,,576,0,,,0,99,,576,346,4,,0,1,,577,0,,,0,99,,577,346,4,,0,1,,575,0,,,0,99,,575,346,4,,0,1,,584,0,,,0,99,,584,346,4,,0,1,,585,0,,,0,99,,585,346,4,,0,1,,578,0,,,0,99,,578,346,4,,0,1,,582,0,,,0,99,,582,346,4,,0,1,,574,0,,,0,99,,574,346,4,,0
2000000,'3b3536a6-84e2-41dd-ace2-34555d61bc26',545,,597,0,,,0,99,,597,346,4,,0,1,,589,0,,,0,99,,589,346,4,,0,1,,593,0,,,0,99,,593,346,4,,0,1,,588,0,,,0,99,,588,346,4,,0,1,,587,0,,,0,99,,587,346,4,,0,1,,596,0,,,0,99,,596,346,4,,0,1,,594,0,,,0,99,,594,346,4,,0,1,,592,0,,,0,99,,592,346,4,,0,1,,595,0,,,0,99,,595,346,4,,0,1,,586,0,,,0,99,,586,346,4,,0,1,,590,0,,,0,99,,590,346,4,,0,1,,591,0,,,0,99,,591,346,4,,0
2000000,'6740aa73-5c15-4ada-bae1-0581627d255c',545,,610,0,,,0,99,,610,346,4,,0,1,,609,0,,,0,99,,609,346,4,,0,1,,605,0,,,0,99,,605,346,4,,0,1,,599,0,,,0,99,,599,346,4,,0,1,,608,0,,,0,99,,608,346,4,,0,1,,602,0,,,0,99,,602,346,4,,0,1,,603,0,,,0,99,,603,346,4,,0,1,,600,0,,,0,99,,600,346,4,,0,1,,598,0,,,0,99,,598,346,4,,0,1,,601,0,,,0,99,,601,346,4,,0,1,,606,0,,,0,99,,606,346,4,,0,1,,604,0,,,0,99,,604,346,4,,0,1,,607,0,,,0,99,,607,346,4,,0
2000000,'8b416866-5b6c-451e-b06e-834b3044aa33',545,,615,0,,,0,99,,615,346,4,,0,1,,623,0,,,0,99,,623,346,4,,0,1,,617,0,,,0,99,,617,346,4,,0,1,,613,0,,,0,99,,613,346,4,,0,1,,616,0,,,0,99,,616,346,4,,0,1,,621,0,,,0,99,,621,346,4,,0,1,,618,0,,,0,99,,618,346,4,,0,1,,612,0,,,0,99,,612,346,4,,0,1,,622,0,,,0,99,,622,346,4,,0,1,,614,0,,,0,99,,614,346,4,,0,1,,619,0,,,0,99,,619,346,4,,0,1,,611,0,,,0,99,,611,346,4,,0,1,,620,0,,,0,99,,620,346,4,,0
3000000,'002e9040-347b-4d67-99ad-91f095cd5be5',845,,628,121,,,0,69,,628,274,,,0,31,,629,121,,,0,69,,629,274,,,0,31,,624,121,,,0,69,,624,274,,,0,31,,625,121,,,0,69,,625,274,,,0,31,,627,121,,,0,69,,627,274,,,0,31,,626,121,,,0,69,,626,274,,,0
3000000,'3b3536a6-84e2-41dd-ace2-34555d61bc26',845,,631,121,,,0,69,,631,274,,,0,31,,633,121,,,0,69,,633,274,,,0,31,,632,121,,,0,69,,632,274,,,0,31,,630,121,,,0,69,,630,274,,,0,31,,635,121,,,0,69,,635,274,,,0,31,,634,121,,,0,69,,634,274,,,0
3000000,'6740aa73-5c15-4ada-bae1-0581627d255c',845,,639,121,,,0,69,,639,274,,,0,31,,636,121,,,0,69,,636,274,,,0,31,,640,121,,,0,69,,640,274,,,0,31,,638,121,,,0,69,,638,274,,,0,31,,641,121,,,0,69,,641,274,,,0,31,,637,121,,,0,69,,637,274,,,0
3000000,'8b416866-5b6c-451e-b06e-834b3044aa33',845,,646,121,,,0,69,,646,274,,,0,31,,642,121,,,0,69,,642,274,,,0,31,,644,121,,,0,69,,644,274,,,0,31,,645,121,,,0,69,,645,274,,,0,31,,647,121,,,0,69,,647,274,,,0,31,,643,121,,,0,69,,643,274,,,0
300000100,'002e9040-347b-4d67-99ad-91f095cd5be5',645,,777,121,,,0,100,,778,121,,,0,800,,775,121,,,0,100,,776,121,,,0
300000100,'3b3536a6-84e2-41dd-ace2-34555d61bc26',645,,780,121,,,0,100,,779,121,,,0
300000100,'6740aa73-5c15-4ada-bae1-0581627d255c',645,,784,121,,,0,100,,783,121,,,0,800,,781,121,,,0,100,,782,121,,,0
300000100,'8b416866-5b6c-451e-b06e-834b3044aa33',645,,788,121,,,0,100,,787,121,,,0,800,,786,121,,,0,100,,785,121,,,0
300000101,'002e9040-347b-4d67-99ad-91f095cd5be5',1445,,789,120,,,0
300000101,'3b3536a6-84e2-41dd-ace2-34555d61bc26',1445,,790,120,,,0
300000101,'6740aa73-5c15-4ada-bae1-0581627d255c',1445,,791,120,,,0
300000101,'8b416866-5b6c-451e-b06e-834b3044aa33',1445,,792,120,,,0
1019200000,'1bbe38fd-cc46-40bc-a40a-506639991551',855,,798,0,,,0,99,,798,396,4,,0,1,,799,0,,,0,99,,799,396,4,,0,1,,796,0,,,0,99,,796,396,4,,0,1,,793,0,,,0,99,,793,396,4,,0,1,,795,0,,,0,99,,795,396,4,,0,1,,794,0,,,0,99,,794,396,4,,0,1,,797,0,,,0,99,,797,396,4,,0
1019200000,'5e4af7a9-571b-4a0c-a0b1-3b124e00562a',855,,806,0,,,0,99,,806,396,4,,0,1,,801,0,,,0,99,,801,396,4,,0,1,,802,0,,,0,99,,802,396,4,,0,1,,804,0,,,0,99,,804,396,4,,0,1,,805,0,,,0,99,,805,396,4,,0,1,,803,0,,,0,99,,803,396,4,,0,1,,800,0,,,0,99,,800,396,4,,0
1019200000,'fe1884a6-717c-4091-95a3-58069f90c1d5',855,,808,0,,,0,99,,808,396,4,,0,1,,809,0,,,0,99,,809,396,4,,0,1,,810,0,,,0,99,,810,396,4,,0,1,,813,0,,,0,99,,813,396,4,,0,1,,811,0,,,0,99,,811,396,4,,0,1,,812,0,,,0,99,,812,396,4,,0,1,,807,0,,,0,99,,807,396,4,,0
1019200001,'1bbe38fd-cc46-40bc-a40a-506639991551',1555,,814,0,,,0,145,,814,472,4,,0
1019200001,'5e4af7a9-571b-4a0c-a0b1-3b124e00562a',1555,,815,0,,,0,145,,815,472,4,,0
1019200001,'fe1884a6-717c-4091-95a3-58069f90c1d5',1555,,816,0,,,0,145,,816,472,4,,0
2019200000,'1bbe38fd-cc46-40bc-a40a-506639991551',945,,822,0,,,0,99,,822,340,4,,0,1,,820,0,,,0,99,,820,340,4,,0,1,,821,0,,,0,99,,821,340,4,,0,1,,818,0,,,0,99,,818,340,4,,0,1,,819,0,,,0,99,,819,340,4,,0,1,,817,0,,,0,99,,817,340,4,,0,1,,823,0,,,0,100,,823,340,4,,0
2019200000,'5e4af7a9-571b-4a0c-a0b1-3b124e00562a',945,,830,0,,,0,99,,830,340,4,,0,1,,825,0,,,0,99,,825,340,4,,0,1,,824,0,,,0,99,,824,340,4,,0,1,,826,0,,,0,99,,826,340,4,,0,1,,827,0,,,0,99,,827,340,4,,0,1,,829,0,,,0,99,,829,340,4,,0,1,,828,0,,,0,100,,828,340,4,,0
2019200000,'fe1884a6-717c-4091-95a3-58069f90c1d5',945,,836,0,,,0,99,,836,340,4,,0,1,,831,0,,,0,99,,831,340,4,,0,1,,832,0,,,0,99,,832,340,4,,0,1,,835,0,,,0,99,,835,340,4,,0,1,,833,0,,,0,99,,833,340,4,,0,1,,837,0,,,0,99,,837,340,4,,0,1,,834,0,,,0,100,,834,340,4,,0
2019200001,'1bbe38fd-cc46-40bc-a40a-506639991551',845,,838,0,,,0,99,,838,377,4,,0
2019200001,'5e4af7a9-571b-4a0c-a0b1-3b124e00562a',845,,839,0,,,0,99,,839,377,4,,0
2019200001,'fe1884a6-717c-4091-95a3-58069f90c1d5',845,,840,0,,,0,99,,840,377,4,,0
