1000000,'002e9040-347b-4d67-99ad-91f095cd5be5',645,,527,365,,,0,100,,525,365,,,0,100,,530,365,,,0,100,,524,365,,,0,100,,528,365,,,0,100,,532,365,,,0,100,,531,365,,,0,100,,526,365,,,0,100,,529,365,,,0,100,,534,365,,,0,100,,533,365,,,0,100,,535,365,,,0
1000000,'3b3536a6-84e2-41dd-ace2-34555d61bc26',645,,536,365,,,0,100,,547,365,,,0,100,,542,365,,,0,100,,540,365,,,0,100,,543,365,,,0,100,,538,365,,,0,100,,544,365,,,0,100,,545,365,,,0,100,,546,365,,,0,100,,537,365,,,0,100,,541,365,,,0,100,,539,365,,,0
1000000,'6740aa73-5c15-4ada-bae1-0581627d255c',645,,552,365,,,0,100,,557,365,,,0,100,,551,365,,,0,100,,549,365,,,0,100,,553,365,,,0,100,,554,365,,,0,100,,559,365,,,0,100,,555,365,,,0,100,,548,365,,,0,100,,556,365,,,0,100,,560,365,,,0,100,,550,365,,,0,100,,558,365,,,0
1000000,'8b416866-5b6c-451e-b06e-834b3044aa33',645,,573,365,,,0,100,,568,365,,,0,100,,565,365,,,0,100,,563,365,,,0,100,,571,365,,,0,100,,566,365,,,0,100,,567,365,,,0,100,,564,365,,,0,100,,570,365,,,0,100,,562,365,,,0,100,,561,365,,,0,100,,572,365,,,0,100,,569,365,,,0
1019200000,'1bbe38fd-cc46-40bc-a40a-506639991551',945,,798,363,,,0,100,,799,363,,,0,100,,796,363,,,0,100,,793,363,,,0,100,,795,363,,,0,100,,794,363,,,0,100,,797,363,,,0
1019200000,'5e4af7a9-571b-4a0c-a0b1-3b124e00562a',945,,806,363,,,0,100,,801,363,,,0,100,,802,363,,,0,100,,804,363,,,0,100,,805,363,,,0,100,,803,363,,,0,100,,800,363,,,0
1019200000,'fe1884a6-717c-4091-95a3-58069f90c1d5',945,,808,363,,,0,100,,809,363,,,0,100,,810,363,,,0,100,,813,363,,,0,100,,811,363,,,0,100,,812,363,,,0,100,,807,363,,,0
1019200001,'1bbe38fd-cc46-40bc-a40a-506639991551',1644,,814,363,,,0
1019200001,'5e4af7a9-571b-4a0c-a0b1-3b124e00562a',1644,,815,363,,,0
1019200001,'fe1884a6-717c-4091-95a3-58069f90c1d5',1644,,816,363,,,0
