1000000,'002e9040-347b-4d67-99ad-91f095cd5be5',628,,527,265,,,0,100,,525,265,,,0,100,,530,265,,,0,100,,524,265,,,0,100,,528,265,,,0,100,,532,265,,,0,100,,531,265,,,0,100,,526,265,,,0,100,,529,265,,,0,100,,534,265,,,0,100,,533,265,,,0,100,,535,265,,,0
1000000,'3b3536a6-84e2-41dd-ace2-34555d61bc26',628,,536,265,,,0,100,,547,265,,,0,100,,542,265,,,0,100,,540,265,,,0,100,,543,265,,,0,100,,538,265,,,0,100,,544,265,,,0,100,,545,265,,,0,100,,546,265,,,0,100,,537,265,,,0,100,,541,265,,,0,100,,539,265,,,0
1000000,'6740aa73-5c15-4ada-bae1-0581627d255c',628,,552,265,,,0,100,,557,265,,,0,100,,551,265,,,0,100,,549,265,,,0,100,,553,265,,,0,100,,554,265,,,0,100,,559,265,,,0,100,,555,265,,,0,100,,548,265,,,0,100,,556,265,,,0,100,,560,265,,,0,100,,550,265,,,0,100,,558,265,,,0
1000000,'8b416866-5b6c-451e-b06e-834b3044aa33',628,,573,265,,,0,100,,568,265,,,0,100,,565,265,,,0,100,,563,265,,,0,100,,571,265,,,0,100,,566,265,,,0,100,,567,265,,,0,100,,564,265,,,0,100,,570,265,,,0,100,,562,265,,,0,100,,561,265,,,0,100,,572,265,,,0,100,,569,265,,,0
2000000,'002e9040-347b-4d67-99ad-91f095cd5be5',628,,579,247,,,0,100,,581,247,,,0,100,,583,247,,,0,100,,580,247,,,0,100,,576,247,,,0,100,,577,247,,,0,100,,575,247,,,0,100,,584,247,,,0,100,,585,247,,,0,100,,578,247,,,0,100,,582,247,,,0,100,,574,247,,,0
2000000,'3b3536a6-84e2-41dd-ace2-34555d61bc26',628,,597,247,,,0,100,,589,247,,,0,100,,593,247,,,0,100,,588,247,,,0,100,,587,247,,,0,100,,596,247,,,0,100,,594,247,,,0,100,,592,247,,,0,100,,595,247,,,0,100,,586,247,,,0,100,,590,247,,,0,100,,591,247,,,0
2000000,'6740aa73-5c15-4ada-bae1-0581627d255c',628,,610,247,,,0,100,,609,247,,,0,100,,605,247,,,0,100,,599,247,,,0,100,,608,247,,,0,100,,602,247,,,0,100,,603,247,,,0,100,,600,247,,,0,100,,598,247,,,0,100,,601,247,,,0,100,,606,247,,,0,100,,604,247,,,0,100,,607,247,,,0
2000000,'8b416866-5b6c-451e-b06e-834b3044aa33',628,,615,247,,,0,100,,623,247,,,0,100,,617,247,,,0,100,,613,247,,,0,100,,616,247,,,0,100,,621,247,,,0,100,,618,247,,,0,100,,612,247,,,0,100,,622,247,,,0,100,,614,247,,,0,100,,619,247,,,0,100,,611,247,,,0,100,,620,247,,,0
1019200000,'1bbe38fd-cc46-40bc-a40a-506639991551',928,,798,263,,,0,100,,799,263,,,0,100,,796,263,,,0,100,,793,263,,,0,100,,795,263,,,0,100,,794,263,,,0,100,,797,263,,,0
1019200000,'5e4af7a9-571b-4a0c-a0b1-3b124e00562a',928,,806,263,,,0,100,,801,263,,,0,100,,802,263,,,0,100,,804,263,,,0,100,,805,263,,,0,100,,803,263,,,0,100,,800,263,,,0
1019200000,'fe1884a6-717c-4091-95a3-58069f90c1d5',928,,808,263,,,0,100,,809,263,,,0,100,,810,263,,,0,100,,813,263,,,0,100,,811,263,,,0,100,,812,263,,,0,100,,807,263,,,0
1019200001,'1bbe38fd-cc46-40bc-a40a-506639991551',1628,,814,263,,,0
1019200001,'5e4af7a9-571b-4a0c-a0b1-3b124e00562a',1628,,815,263,,,0
1019200001,'fe1884a6-717c-4091-95a3-58069f90c1d5',1628,,816,263,,,0
2019200000,'1bbe38fd-cc46-40bc-a40a-506639991551',1026,,822,245,,,0,100,,820,245,,,0,100,,821,245,,,0,100,,818,245,,,0,100,,819,245,,,0,100,,817,245,,,0,100,,823,245,,,0
2019200000,'5e4af7a9-571b-4a0c-a0b1-3b124e00562a',1026,,830,245,,,0,100,,825,245,,,0,100,,824,245,,,0,100,,826,245,,,0,100,,827,245,,,0,100,,829,245,,,0,100,,828,245,,,0
2019200000,'fe1884a6-717c-4091-95a3-58069f90c1d5',1026,,836,245,,,0,100,,831,245,,,0,100,,832,245,,,0,100,,835,245,,,0,100,,833,245,,,0,100,,837,245,,,0,100,,834,245,,,0
2019200001,'1bbe38fd-cc46-40bc-a40a-506639991551',926,,838,288,,,0
2019200001,'5e4af7a9-571b-4a0c-a0b1-3b124e00562a',926,,839,288,,,0
2019200001,'fe1884a6-717c-4091-95a3-58069f90c1d5',926,,840,288,,,0
