1000000,'002e9040-347b-4d67-99ad-91f095cd5be5',617,,527,184,,,0,100,,525,184,,,0,100,,530,184,,,0,100,,524,184,,,0,100,,528,184,,,0,100,,532,184,,,0,100,,531,184,,,0,100,,526,184,,,0,100,,529,184,,,0,100,,534,184,,,0,100,,533,184,,,0,100,,535,184,,,0
1000000,'3b3536a6-84e2-41dd-ace2-34555d61bc26',617,,536,184,,,0,100,,547,184,,,0,100,,542,184,,,0,100,,540,184,,,0,100,,543,184,,,0,100,,538,184,,,0,100,,544,184,,,0,100,,545,184,,,0,100,,546,184,,,0,100,,537,184,,,0,100,,541,184,,,0,100,,539,184,,,0
1000000,'6740aa73-5c15-4ada-bae1-0581627d255c',617,,552,184,,,0,100,,557,184,,,0,100,,551,184,,,0,100,,549,184,,,0,100,,553,184,,,0,100,,554,184,,,0,100,,559,184,,,0,100,,555,184,,,0,100,,548,184,,,0,100,,556,184,,,0,100,,560,184,,,0,100,,550,184,,,0,100,,558,184,,,0
1000000,'8b416866-5b6c-451e-b06e-834b3044aa33',617,,573,184,,,0,100,,568,184,,,0,100,,565,184,,,0,100,,563,184,,,0,100,,571,184,,,0,100,,566,184,,,0,100,,567,184,,,0,100,,564,184,,,0,100,,570,184,,,0,100,,562,184,,,0,100,,561,184,,,0,100,,572,184,,,0,100,,569,184,,,0
3000000,'002e9040-347b-4d67-99ad-91f095cd5be5',924,,628,294,,,0,100,,629,294,,,0,100,,624,294,,,0,100,,625,294,,,0,100,,627,294,,,0,100,,626,294,,,0
3000000,'3b3536a6-84e2-41dd-ace2-34555d61bc26',924,,631,294,,,0,100,,633,294,,,0,100,,632,294,,,0,100,,630,294,,,0,100,,635,294,,,0,100,,634,294,,,0
3000000,'6740aa73-5c15-4ada-bae1-0581627d255c',924,,639,294,,,0,100,,636,294,,,0,100,,640,294,,,0,100,,638,294,,,0,100,,641,294,,,0,100,,637,294,,,0
3000000,'8b416866-5b6c-451e-b06e-834b3044aa33',924,,646,294,,,0,100,,642,294,,,0,100,,644,294,,,0,100,,645,294,,,0,100,,647,294,,,0,100,,643,294,,,0
300000100,'002e9040-347b-4d67-99ad-91f095cd5be5',724,,777,319,,,0,100,,778,319,,,0,800,,775,319,,,0,100,,776,319,,,0
300000100,'3b3536a6-84e2-41dd-ace2-34555d61bc26',724,,780,319,,,0,100,,779,319,,,0
300000100,'6740aa73-5c15-4ada-bae1-0581627d255c',724,,784,319,,,0,100,,783,319,,,0,800,,781,319,,,0,100,,782,319,,,0
300000100,'8b416866-5b6c-451e-b06e-834b3044aa33',724,,788,319,,,0,100,,787,319,,,0,800,,786,319,,,0,100,,785,319,,,0
1019200000,'1bbe38fd-cc46-40bc-a40a-506639991551',917,,798,183,,,0,100,,799,183,,,0,100,,796,183,,,0,100,,793,183,,,0,100,,795,183,,,0,100,,794,183,,,0,100,,797,183,,,0
1019200000,'5e4af7a9-571b-4a0c-a0b1-3b124e00562a',917,,806,183,,,0,100,,801,183,,,0,100,,802,183,,,0,100,,804,183,,,0,100,,805,183,,,0,100,,803,183,,,0,100,,800,183,,,0
1019200000,'fe1884a6-717c-4091-95a3-58069f90c1d5',917,,808,183,,,0,100,,809,183,,,0,100,,810,183,,,0,100,,813,183,,,0,100,,811,183,,,0,100,,812,183,,,0,100,,807,183,,,0
1019200001,'1bbe38fd-cc46-40bc-a40a-506639991551',1617,,814,183,,,0
1019200001,'5e4af7a9-571b-4a0c-a0b1-3b124e00562a',1617,,815,183,,,0
1019200001,'fe1884a6-717c-4091-95a3-58069f90c1d5',1617,,816,183,,,0
