32000100,'002e9040-347b-4d67-99ad-91f095cd5be5',657,,650,118,,,0,199,,648,118,,,0,270,,649,118,,,0,330,,651,118,,,0,200,,652,118,,,0
32000100,'3b3536a6-84e2-41dd-ace2-34555d61bc26',657,,654,118,,,0,200,,657,118,,,0,270,,656,118,,,0,330,,655,118,,,0,200,,658,118,,,0,270,,653,118,,,0
32000100,'6740aa73-5c15-4ada-bae1-0581627d255c',657,,662,118,,,0,200,,660,118,,,0,270,,659,118,,,0,330,,664,118,,,0,199,,663,118,,,0,271,,661,118,,,0
32000100,'8b416866-5b6c-451e-b06e-834b3044aa33',657,,667,118,,,0,200,,665,118,,,0,270,,670,118,,,0,330,,669,118,,,0,199,,668,118,,,0,271,,666,118,,,0
32000101,'002e9040-347b-4d67-99ad-91f095cd5be5',556,,674,118,,,0,200,,673,118,,,0,270,,672,118,,,0,530,,671,118,,,0
32000101,'3b3536a6-84e2-41dd-ace2-34555d61bc26',556,,675,118,,,0,200,,676,118,,,0,270,,679,118,,,0,330,,678,118,,,0,200,,680,118,,,0,270,,677,118,,,0
32000101,'6740aa73-5c15-4ada-bae1-0581627d255c',556,,682,118,,,0,200,,681,118,,,0,270,,684,118,,,0,330,,683,118,,,0,200,,685,118,,,0,270,,686,118,,,0
32000101,'8b416866-5b6c-451e-b06e-834b3044aa33',556,,688,118,,,0,200,,690,118,,,0,270,,687,118,,,0,330,,692,118,,,0,200,,689,118,,,0,270,,691,118,,,0
32000200,'1bbe38fd-cc46-40bc-a40a-506639991551',1124,,693,137,,,0,186,,694,137,,,0,216,,696,137,,,0,186,,697,137,,,0,146,,698,137,,,0,186,,695,137,,,0
32000200,'6740aa73-5c15-4ada-bae1-0581627d255c',1858,,700,137,,,0,186,,699,137,,,0
32000200,'8b416866-5b6c-451e-b06e-834b3044aa33',1858,,701,137,,,0,186,,702,137,,,0
32000200,'e187c9ec-e33a-4154-a7ac-3c7006c93e65',1124,,703,137,,,0,186,,704,137,,,0
32000200,'fe1884a6-717c-4091-95a3-58069f90c1d5',1124,,707,137,,,0,186,,706,137,,,0,216,,709,137,,,0,186,,708,137,,,0,146,,710,137,,,0,186,,705,137,,,0
32000201,'1bbe38fd-cc46-40bc-a40a-506639991551',1037,,712,125,,,0,186,,717,125,,,0,187,,711,125,,,0,215,,714,125,,,0,186,,713,125,,,0,146,,716,125,,,0,186,,715,125,,,0
32000201,'6740aa73-5c15-4ada-bae1-0581627d255c',1811,,718,125,,,0,146,,719,125,,,0,186,,720,125,,,0
32000201,'8b416866-5b6c-451e-b06e-834b3044aa33',1811,,721,125,,,0,146,,722,125,,,0,186,,723,125,,,0
32000201,'e187c9ec-e33a-4154-a7ac-3c7006c93e65',1037,,725,125,,,0,186,,726,125,,,0,187,,724,125,,,0
32000201,'fe1884a6-717c-4091-95a3-58069f90c1d5',1037,,728,125,,,0,186,,733,125,,,0,187,,729,125,,,0,215,,727,125,,,0,186,,731,125,,,0,146,,730,125,,,0,186,,732,125,,,0
320121400001,'1bbe38fd-cc46-40bc-a40a-506639991551',2329,,847,136,,,0
320121400001,'8b416866-5b6c-451e-b06e-834b3044aa33',2329,,850,136,,,0
