2000000,'002e9040-347b-4d67-99ad-91f095cd5be5',555,,579,66,,,0,100,,581,66,,,0,100,,583,66,,,0,100,,580,66,,,0,100,,576,66,,,0,100,,577,66,,,0,100,,575,66,,,0,100,,584,66,,,0,100,,585,66,,,0,100,,578,66,,,0,100,,582,66,,,0,100,,574,66,,,0
2000000,'3b3536a6-84e2-41dd-ace2-34555d61bc26',555,,597,66,,,0,100,,589,66,,,0,100,,593,66,,,0,100,,588,66,,,0,100,,587,66,,,0,100,,596,66,,,0,100,,594,66,,,0,100,,592,66,,,0,100,,595,66,,,0,100,,586,66,,,0,100,,590,66,,,0,100,,591,66,,,0
2000000,'6740aa73-5c15-4ada-bae1-0581627d255c',555,,610,66,,,0,100,,609,66,,,0,100,,605,66,,,0,100,,599,66,,,0,100,,608,66,,,0,100,,602,66,,,0,100,,603,66,,,0,100,,600,66,,,0,100,,598,66,,,0,100,,601,66,,,0,100,,606,66,,,0,100,,604,66,,,0,100,,607,66,,,0
2000000,'8b416866-5b6c-451e-b06e-834b3044aa33',555,,615,66,,,0,100,,623,66,,,0,100,,617,66,,,0,100,,613,66,,,0,100,,616,66,,,0,100,,621,66,,,0,100,,618,66,,,0,100,,612,66,,,0,100,,622,66,,,0,100,,614,66,,,0,100,,619,66,,,0,100,,611,66,,,0,100,,620,66,,,0
2019200000,'1bbe38fd-cc46-40bc-a40a-506639991551',955,,822,64,,,0,100,,820,64,,,0,100,,821,64,,,0,100,,818,64,,,0,100,,819,64,,,0,100,,817,64,,,0,100,,823,64,,,0
2019200000,'5e4af7a9-571b-4a0c-a0b1-3b124e00562a',955,,830,64,,,0,100,,825,64,,,0,100,,824,64,,,0,100,,826,64,,,0,100,,827,64,,,0,100,,829,64,,,0,100,,828,64,,,0
2019200000,'fe1884a6-717c-4091-95a3-58069f90c1d5',955,,836,64,,,0,100,,831,64,,,0,100,,832,64,,,0,100,,835,64,,,0,100,,833,64,,,0,100,,837,64,,,0,100,,834,64,,,0
2019200001,'1bbe38fd-cc46-40bc-a40a-506639991551',855,,838,62,,,0
2019200001,'5e4af7a9-571b-4a0c-a0b1-3b124e00562a',855,,839,62,,,0
2019200001,'fe1884a6-717c-4091-95a3-58069f90c1d5',855,,840,62,,,0
