1000000,'002e9040-347b-4d67-99ad-91f095cd5be5',612,,527,148,,,0,41,,527,397,,,0,59,,525,148,,,0,41,,525,397,,,0,59,,530,148,,,0,41,,530,397,,,0,59,,524,148,,,0,41,,524,397,,,0,59,,528,148,,,0,41,,528,397,,,0,59,,532,148,,,0,41,,532,397,,,0,59,,531,148,,,0,41,,531,397,,,0,59,,526,148,,,0,41,,526,397,,,0,59,,529,148,,,0,41,,529,397,,,0,59,,534,148,,,0,41,,534,397,,,0,59,,533,148,,,0,41,,533,397,,,0,59,,535,148,,,0,41,,535,397,,,0
1000000,'3b3536a6-84e2-41dd-ace2-34555d61bc26',612,,536,148,,,0,41,,536,397,,,0,59,,547,148,,,0,41,,547,397,,,0,59,,542,148,,,0,41,,542,397,,,0,59,,540,148,,,0,41,,540,397,,,0,59,,543,148,,,0,41,,543,397,,,0,59,,538,148,,,0,41,,538,397,,,0,59,,544,148,,,0,41,,544,397,,,0,59,,545,148,,,0,41,,545,397,,,0,59,,546,148,,,0,41,,546,397,,,0,59,,537,148,,,0,41,,537,397,,,0,59,,541,148,,,0,41,,541,397,,,0,59,,539,148,,,0,41,,539,397,,,0
1000000,'6740aa73-5c15-4ada-bae1-0581627d255c',612,,552,148,,,0,41,,552,397,,,0,59,,557,148,,,0,41,,557,397,,,0,59,,551,148,,,0,41,,551,397,,,0,59,,549,148,,,0,41,,549,397,,,0,59,,553,148,,,0,41,,553,397,,,0,59,,554,148,,,0,41,,554,397,,,0,59,,559,148,,,0,41,,559,397,,,0,59,,555,148,,,0,41,,555,397,,,0,59,,548,148,,,0,41,,548,397,,,0,59,,556,148,,,0,41,,556,397,,,0,59,,560,148,,,0,41,,560,397,,,0,59,,550,148,,,0,41,,550,397,,,0,59,,558,148,,,0,41,,558,397,,,0
1000000,'8b416866-5b6c-451e-b06e-834b3044aa33',612,,573,148,,,0,41,,573,397,,,0,59,,568,148,,,0,41,,568,397,,,0,59,,565,148,,,0,41,,565,397,,,0,59,,563,148,,,0,41,,563,397,,,0,59,,571,148,,,0,41,,571,397,,,0,59,,566,148,,,0,41,,566,397,,,0,59,,567,148,,,0,41,,567,397,,,0,59,,564,148,,,0,41,,564,397,,,0,59,,570,148,,,0,41,,570,397,,,0,59,,562,148,,,0,41,,562,397,,,0,59,,561,148,,,0,41,,561,397,,,0,59,,572,148,,,0,41,,572,397,,,0,59,,569,148,,,0,41,,569,397,,,0
3000000,'002e9040-347b-4d67-99ad-91f095cd5be5',916,,628,279,,,0,100,,629,279,,,0,100,,624,279,,,0,100,,625,279,,,0,100,,627,279,,,0,100,,626,279,,,0
3000000,'3b3536a6-84e2-41dd-ace2-34555d61bc26',916,,631,279,,,0,100,,633,279,,,0,100,,632,279,,,0,100,,630,279,,,0,100,,635,279,,,0,100,,634,279,,,0
3000000,'6740aa73-5c15-4ada-bae1-0581627d255c',916,,639,279,,,0,100,,636,279,,,0,100,,640,279,,,0,100,,638,279,,,0,100,,641,279,,,0,100,,637,279,,,0
3000000,'8b416866-5b6c-451e-b06e-834b3044aa33',916,,646,279,,,0,100,,642,279,,,0,100,,644,279,,,0,100,,645,279,,,0,100,,647,279,,,0,100,,643,279,,,0
300000100,'002e9040-347b-4d67-99ad-91f095cd5be5',716,,777,298,,,0,100,,778,298,,,0,800,,775,298,,,0,100,,776,298,,,0
300000100,'3b3536a6-84e2-41dd-ace2-34555d61bc26',716,,780,298,,,0,100,,779,298,,,0
300000100,'6740aa73-5c15-4ada-bae1-0581627d255c',716,,784,298,,,0,100,,783,298,,,0,800,,781,298,,,0,100,,782,298,,,0
300000100,'8b416866-5b6c-451e-b06e-834b3044aa33',716,,788,298,,,0,100,,787,298,,,0,800,,786,298,,,0,100,,785,298,,,0
300000101,'002e9040-347b-4d67-99ad-91f095cd5be5',1513,,789,255,,,0
300000101,'3b3536a6-84e2-41dd-ace2-34555d61bc26',1513,,790,255,,,0
300000101,'6740aa73-5c15-4ada-bae1-0581627d255c',1513,,791,255,,,0
300000101,'8b416866-5b6c-451e-b06e-834b3044aa33',1513,,792,255,,,0
1019200000,'1bbe38fd-cc46-40bc-a40a-506639991551',912,,798,147,,,0,41,,798,394,,,0,59,,799,147,,,0,41,,799,394,,,0,59,,796,147,,,0,41,,796,394,,,0,59,,793,147,,,0,41,,793,394,,,0,59,,795,147,,,0,41,,795,394,,,0,59,,794,147,,,0,41,,794,394,,,0,59,,797,147,,,0,41,,797,394,,,0
1019200000,'5e4af7a9-571b-4a0c-a0b1-3b124e00562a',912,,806,147,,,0,41,,806,394,,,0,59,,801,147,,,0,41,,801,394,,,0,59,,802,147,,,0,41,,802,394,,,0,59,,804,147,,,0,41,,804,394,,,0,59,,805,147,,,0,41,,805,394,,,0,59,,803,147,,,0,41,,803,394,,,0,59,,800,147,,,0,41,,800,394,,,0
1019200000,'fe1884a6-717c-4091-95a3-58069f90c1d5',912,,808,147,,,0,41,,808,394,,,0,59,,809,147,,,0,41,,809,394,,,0,59,,810,147,,,0,41,,810,394,,,0,59,,813,147,,,0,41,,813,394,,,0,59,,811,147,,,0,41,,811,394,,,0,59,,812,147,,,0,41,,812,394,,,0,59,,807,147,,,0,41,,807,394,,,0
1019200001,'1bbe38fd-cc46-40bc-a40a-506639991551',1612,,814,147,,,0,47,,814,470,,,0
1019200001,'5e4af7a9-571b-4a0c-a0b1-3b124e00562a',1612,,815,147,,,0,47,,815,470,,,0
1019200001,'fe1884a6-717c-4091-95a3-58069f90c1d5',1612,,816,147,,,0,47,,816,470,,,0
