1000000,'002e9040-347b-4d67-99ad-91f095cd5be5',633,,527,301,,,0,100,,525,301,,,0,100,,530,301,,,0,100,,524,301,,,0,100,,528,301,,,0,100,,532,301,,,0,100,,531,301,,,0,100,,526,301,,,0,100,,529,301,,,0,100,,534,301,,,0,100,,533,301,,,0,100,,535,301,,,0
1000000,'3b3536a6-84e2-41dd-ace2-34555d61bc26',633,,536,301,,,0,100,,547,301,,,0,100,,542,301,,,0,100,,540,301,,,0,100,,543,301,,,0,100,,538,301,,,0,100,,544,301,,,0,100,,545,301,,,0,100,,546,301,,,0,100,,537,301,,,0,100,,541,301,,,0,100,,539,301,,,0
1000000,'6740aa73-5c15-4ada-bae1-0581627d255c',633,,552,301,,,0,100,,557,301,,,0,100,,551,301,,,0,100,,549,301,,,0,100,,553,301,,,0,100,,554,301,,,0,100,,559,301,,,0,100,,555,301,,,0,100,,548,301,,,0,100,,556,301,,,0,100,,560,301,,,0,100,,550,301,,,0,100,,558,301,,,0
1000000,'8b416866-5b6c-451e-b06e-834b3044aa33',633,,573,301,,,0,100,,568,301,,,0,100,,565,301,,,0,100,,563,301,,,0,100,,571,301,,,0,100,,566,301,,,0,100,,567,301,,,0,100,,564,301,,,0,100,,570,301,,,0,100,,562,301,,,0,100,,561,301,,,0,100,,572,301,,,0,100,,569,301,,,0
1019200000,'1bbe38fd-cc46-40bc-a40a-506639991551',933,,798,299,,,0,100,,799,299,,,0,100,,796,299,,,0,100,,793,299,,,0,100,,795,299,,,0,100,,794,299,,,0,100,,797,299,,,0
1019200000,'5e4af7a9-571b-4a0c-a0b1-3b124e00562a',933,,806,299,,,0,100,,801,299,,,0,100,,802,299,,,0,100,,804,299,,,0,100,,805,299,,,0,100,,803,299,,,0,100,,800,299,,,0
1019200000,'fe1884a6-717c-4091-95a3-58069f90c1d5',933,,808,299,,,0,100,,809,299,,,0,100,,810,299,,,0,100,,813,299,,,0,100,,811,299,,,0,100,,812,299,,,0,100,,807,299,,,0
1019200001,'1bbe38fd-cc46-40bc-a40a-506639991551',1633,,814,299,,,0
1019200001,'5e4af7a9-571b-4a0c-a0b1-3b124e00562a',1633,,815,299,,,0
1019200001,'fe1884a6-717c-4091-95a3-58069f90c1d5',1633,,816,299,,,0
