1000000,'002e9040-347b-4d67-99ad-91f095cd5be5',606,,527,114,,,0,100,,525,114,,,0,100,,530,114,,,0,100,,524,114,,,0,100,,528,114,,,0,100,,532,114,,,0,100,,531,114,,,0,100,,526,114,,,0,100,,529,114,,,0,100,,534,114,,,0,100,,533,114,,,0,100,,535,114,,,0
1000000,'3b3536a6-84e2-41dd-ace2-34555d61bc26',606,,536,114,,,0,100,,547,114,,,0,100,,542,114,,,0,100,,540,114,,,0,100,,543,114,,,0,100,,538,114,,,0,100,,544,114,,,0,100,,545,114,,,0,100,,546,114,,,0,100,,537,114,,,0,100,,541,114,,,0,100,,539,114,,,0
1000000,'6740aa73-5c15-4ada-bae1-0581627d255c',606,,552,114,,,0,100,,557,114,,,0,100,,551,114,,,0,100,,549,114,,,0,100,,553,114,,,0,100,,554,114,,,0,100,,559,114,,,0,100,,555,114,,,0,100,,548,114,,,0,100,,556,114,,,0,100,,560,114,,,0,100,,550,114,,,0,100,,558,114,,,0
1000000,'8b416866-5b6c-451e-b06e-834b3044aa33',606,,573,114,,,0,100,,568,114,,,0,100,,565,114,,,0,100,,563,114,,,0,100,,571,114,,,0,100,,566,114,,,0,100,,567,114,,,0,100,,564,114,,,0,100,,570,114,,,0,100,,562,114,,,0,100,,561,114,,,0,100,,572,114,,,0,100,,569,114,,,0
3000000,'002e9040-347b-4d67-99ad-91f095cd5be5',839,,628,84,,,0,100,,629,84,,,0,100,,624,84,,,0,100,,625,84,,,0,100,,627,84,,,0,100,,626,84,,,0
3000000,'3b3536a6-84e2-41dd-ace2-34555d61bc26',839,,631,84,,,0,100,,633,84,,,0,100,,632,84,,,0,100,,630,84,,,0,100,,635,84,,,0,100,,634,84,,,0
3000000,'6740aa73-5c15-4ada-bae1-0581627d255c',839,,639,84,,,0,100,,636,84,,,0,100,,640,84,,,0,100,,638,84,,,0,100,,641,84,,,0,100,,637,84,,,0
3000000,'8b416866-5b6c-451e-b06e-834b3044aa33',839,,646,84,,,0,100,,642,84,,,0,100,,644,84,,,0,100,,645,84,,,0,100,,647,84,,,0,100,,643,84,,,0
300000100,'002e9040-347b-4d67-99ad-91f095cd5be5',639,,777,84,,,0,100,,778,84,,,0,800,,775,84,,,0,100,,776,84,,,0
300000100,'3b3536a6-84e2-41dd-ace2-34555d61bc26',639,,780,84,,,0,100,,779,84,,,0
300000100,'6740aa73-5c15-4ada-bae1-0581627d255c',639,,784,84,,,0,100,,783,84,,,0,800,,781,84,,,0,100,,782,84,,,0
300000100,'8b416866-5b6c-451e-b06e-834b3044aa33',639,,788,84,,,0,100,,787,84,,,0,800,,786,84,,,0,100,,785,84,,,0
300000101,'002e9040-347b-4d67-99ad-91f095cd5be5',1439,,789,84,,,0
300000101,'3b3536a6-84e2-41dd-ace2-34555d61bc26',1439,,790,84,,,0
300000101,'6740aa73-5c15-4ada-bae1-0581627d255c',1439,,791,84,,,0
300000101,'8b416866-5b6c-451e-b06e-834b3044aa33',1439,,792,84,,,0
1019200000,'1bbe38fd-cc46-40bc-a40a-506639991551',906,,798,114,,,0,100,,799,114,,,0,100,,796,114,,,0,100,,793,114,,,0,100,,795,114,,,0,100,,794,114,,,0,100,,797,114,,,0
1019200000,'5e4af7a9-571b-4a0c-a0b1-3b124e00562a',906,,806,114,,,0,100,,801,114,,,0,100,,802,114,,,0,100,,804,114,,,0,100,,805,114,,,0,100,,803,114,,,0,100,,800,114,,,0
1019200000,'fe1884a6-717c-4091-95a3-58069f90c1d5',906,,808,114,,,0,100,,809,114,,,0,100,,810,114,,,0,100,,813,114,,,0,100,,811,114,,,0,100,,812,114,,,0,100,,807,114,,,0
1019200001,'1bbe38fd-cc46-40bc-a40a-506639991551',1606,,814,114,,,0
1019200001,'5e4af7a9-571b-4a0c-a0b1-3b124e00562a',1606,,815,114,,,0
1019200001,'fe1884a6-717c-4091-95a3-58069f90c1d5',1606,,816,114,,,0
